index,1,2,3,4,5,6,7,8,9,10,11,12,13,14,15,16,17,18,19,20,21,22,23,24,25,26,27,28,29,30,31,32,33,34,35,36,37,38,39,40,41,42,43,44,45,46,47,48,49,50,51,52,53,54,55,56,57,58,59,60,61,62,63,64,65,66,67,68,69,70,71,72,73,74,75,76,77,78,79,80,81,82,83,84,85,86,87,88,89,90,91,92,93,94,95,96,97,98,99,100,101,102,103,104,105,106,107,108,109,110,111,112,113,114,115,116,117,118,119,120,121,122,123,124,125,126,127,128,129,130,131,132,133,134,135,136,137,138,139,140,141,142,143,144,145,146,147,148,149,150,151,152,153,154,155,156,157,158,159,160,161,162,163,164,165,166,167,168,169,170,171,172,173,174,175,176,177,178,179,180,181,182,183,184,185,186,187,188,189,190,191,192,193,194,195,196,197,198,199,200,201,202,203,204,205,206,207,208,209,210,211,212,213,214,215,216,217,218,219,220,221,222,223,224,225,226,227,228,229,230,231,232,233,234,235,236,237,238,239,240,241,242,243,244,245,246,247,248,249,250,251,252,253,254,255,256,257,258,259,260,261,262,263,264,265,266,267,268,269,270,271,272,273,274,275,276,277,278,279,280,281,282,283,284,285,286,287,288,289,290,291,292,293,294,295,296,297,298,299,300,301,302,303,304,305,306,307,308,309,310,311,312,313,314,315,316,317,318,319,320,321,322,323,324,325,326,327,328,329,330,331,332,333,334,335,336,337,338,339,340,341,342,343,344,345,346,347,348,349,350,351,352,353,354,355,356,357,358,359,360,361,362,363,364,365,366,367,368,369,370,371,372,373,374,375,376,377,378,379,380,381,382,383,384,385,386,387,388,389,390,391,392,393,394,395,396,397,398,399,400,401,402,403,404,405,406,407,408,409,410,411,412,413,414,415,416,417,418,419,420,421,422,423,424,425,426,427,428,429,430,431,432,433,434,435,436,437,438,439,440,441,442,443,444,445,446,447,448,449,450,451,452,453,454,455,456,457,458,459,460,461,462,463,464,465,466,467,468,469,470,471,472,473,474,475,476,477,478,479,480,481,482,483,484,485,486,487,488,489,490,491,492,493,494,495,496,497,498,499,500
mAmyg,2.7047505,0.0,2.9318206,2.6193275,1.4809755,3.933285,0.0,2.440389,2.259883,0.0,0.02364038,2.2420697,0.5986316,2.313382,0.48338062,0.03268205,0.0,1.8030224,0.0,0.5663958,3.2830076,0.90879536,2.5482771,2.196229,0.21957195,0.0,0.0,0.7383423,3.2010026,2.295175,1.7457823,1.7385324,0.0,2.0232103,0.0,0.0,0.0,0.0,1.5456951,1.7541372,0.0,0.21976644,1.3829585,1.4388472,0.0,2.8748689,1.5835412,0.0,1.6384215,0.47085902,0.0,1.6158204,1.1967777,1.2972281,1.807547,0.0,0.37749755,3.367323,2.1759183,1.489167,0.2616669,3.0490134,2.62555,0.45651916,2.0935574,0.64596957,1.2193323,2.8479457,0.0,0.0,0.0,2.2721717,0.0,0.0,0.0,0.0,0.0,2.5063155,2.2500424,2.8629189,3.3464217,2.3433244,1.0195177,3.783351,0.0,3.3971255,0.12877676,2.6782777,0.0,0.0,0.83137757,0.0,0.48183814,1.0504467,0.0,0.4322735,2.4546375,0.97736853,1.6987065,0.5617761,1.1973833,2.930689,0.48770958,0.23865958,0.3067513,3.347526,0.6841932,0.0,0.62100506,0.33495852,1.409409,1.0124683,0.0,0.0,0.4160777,1.6465268,0.24456172,1.6059191,3.012347,0.0,1.6811317,0.29795215,0.92906386,0.0,1.8478405,0.17045419,0.0,0.0,0.6218032,2.854586,0.0,4.4565763,1.3125503,1.520858,3.6443732,2.0146227,3.1763086,3.0708272,1.4892619,2.1920898,0.0,0.6380516,1.0385528,1.7242451,1.7140988,1.2661445,2.6225476,0.0,1.3377185,2.2995083,0.88969016,2.869376,2.6752682,2.2312765,1.6617332,0.0,0.5987779,0.13604788,2.9870145,1.769344,1.7737403,1.5444251,3.6358237,0.98982865,2.7856312,0.4775954,0.37347972,3.8803575,2.15631,1.8310244,2.1923594,1.965356,0.0,0.0,1.9489319,1.2240573,2.2294197,0.0,1.9888202,1.7212936,0.66430503,0.0,2.0631402,1.934527,2.827534,0.71203625,0.0,1.9968598,0.0,3.7353857,0.0,0.0,3.5307677,1.1009148,1.1187278,2.5189626,0.1568314,3.565654,0.07837734,0.0,0.6695354,0.0,0.0,0.061295178,2.6829133,0.8229636,4.598063,0.24299389,0.250649,2.4910014,2.905135,2.7697108,0.39609346,0.0,0.52915055,2.0220928,1.2643622,1.6725798,2.211357,1.5201929,2.0605524,3.3491442,0.0,0.13794987,1.1602119,2.0174282,0.0,0.0,2.394328,2.5809054,0.5814426,1.2260005,4.887462,4.190778,0.3405049,1.1664954,0.3782179,2.546849,2.0252879,0.20636603,3.6349466,0.0,0.0,0.15419917,0.75932455,0.6703448,2.148861,3.6517236,0.0,1.5889318,0.0,2.9891784,0.0,1.9075726,1.0121424,2.342733,0.0,0.22656111,2.275913,0.0,1.675192,0.4673757,1.3373467,0.48240337,1.4063998,2.305889,0.36648875,0.45795983,1.0890303,0.978582,0.0,1.1405948,0.38296452,0.0,3.2273674,0.0,2.3837261,1.8938873,0.6720141,2.6278276,1.0390201,0.0,2.298846,1.6263889,0.9331362,2.254649,0.7835567,0.6011974,2.687973,1.0984119,0.0,0.4433603,1.5437729,2.3912022,0.0,0.0,2.6800675,1.2082076,0.0,3.5237544,0.0,1.1278666,0.21453045,0.063340336,3.9780195,0.0,1.5053641,5.063392,0.16302013,1.4552255,1.7129449,1.2270105,0.94225115,0.92189074,4.2162213,0.042074222,1.8709068,0.0,1.5106022,0.8603427,0.3757385,0.06791623,2.4729168,0.0,0.0,2.1431298,0.0,1.1548135,3.6920204,1.8328009,0.0,2.4402096,0.61668605,0.7333597,0.6426706,0.18885271,0.3318851,0.0130658215,1.8533095,0.819392,0.32213795,0.28554437,2.97339,2.9319334,0.0,0.0,2.3792908,1.919929,0.21020931,0.5400143,0.041043952,1.9987717,1.4277588,1.3004124,2.3716762,0.0,1.4245775,0.0,0.11677277,1.0375696,0.0,2.2929459,0.0,2.348274,3.2442782,3.331281,1.8807683,2.5834167,1.9353176,3.904506,1.2782071,3.8205543,3.545135,0.34283644,2.6787333,0.0,3.4999263,0.0,0.026742037,1.7367516,0.9614286,0.21155684,1.8734442,1.3206319,0.0,1.4198722,4.086468,0.88578224,2.437734,1.6162047,0.37215638,0.0,0.0,0.0,0.0,0.541059,1.3555992,3.453626,3.5071776,2.92137,1.2012627,0.4349475,0.0,1.1183741,0.78281957,0.0,0.41618642,0.018372126,0.72923857,1.2894816,1.4491816,0.85495365,4.121954,1.2100773,1.2654269,0.59603226,2.923032,1.4682893,2.859855,0.0,0.64891976,0.0,0.0,0.0,0.39005166,1.7187111,1.1628363,1.7855971,3.1052232,0.68937564,0.0,3.2523983,0.0,0.27817303,2.961251,1.0557871,1.9766994,1.5257944,0.0,0.41009885,1.6361465,0.19082396,0.0,0.32230127,2.0984502,0.0,1.2362766,0.6748299,0.38863117,1.9017365,1.590084,2.5053592,0.3179905,2.3426685,0.0,2.0998628,2.7124293,2.4932075,0.0,2.5650296,0.7525489,0.0,1.3801403,0.0,0.0,0.0,2.444938,0.2229793,3.3121264,1.2477945,0.34373084,0.60720205,0.0,0.5896677,1.0747358,2.686706,2.1826792,0.0,0.08234376,2.1237562,1.6727433,1.1418521,1.1875668,1.5606493,0.16980982,0.0,1.5724767,0.58503354,0.5162798,1.3024132,0.0,1.2847811,1.2133752,0.5595714,3.6937056,3.0962007,3.425999,0.20976207,0.69572866,0.0
lAmyg,3.9942656,0.0,2.3151236,1.0144824,1.227932,6.300457,0.0,4.6685057,3.2488248,0.0,0.3841104,3.2021785,1.2544357,1.7348651,0.2762905,0.71592814,0.0,3.0469449,1.0118778,2.6794548,3.7918024,2.2498496,2.4914286,3.5185266,0.0,0.4106183,0.0,1.0986854,4.9854937,0.90101534,1.54317,1.8176721,0.0,0.36623242,1.0112551,0.0,0.0,0.0,3.4312007,2.2188625,0.0027288906,2.8975365,2.7457454,0.6509742,2.3479927,4.1116376,3.1511154,0.0,1.5767158,0.869914,0.0,1.0659069,2.3151698,1.6571652,1.397864,0.0,0.5436566,5.0461826,3.9918306,2.717159,0.90034693,2.7225566,1.5597714,1.1570333,3.0185263,0.7386754,2.173865,3.8648665,0.6206055,2.0530953,0.0,2.1701128,0.0,0.0,0.0907389,0.0,0.2853595,3.7888503,2.1922987,2.9978752,2.4692423,1.8338244,2.3607259,4.4482865,0.8454041,3.1396663,0.71478647,2.114167,0.22901867,0.0,2.3111045,0.0,1.926535,1.0505676,0.0,0.41131824,2.9228625,2.5512555,0.0,2.5590634,2.131139,3.0831797,0.2519672,0.062486246,2.0512588,4.148558,0.6358641,0.0,1.2689253,1.3281001,1.9755993,1.8711966,0.557272,0.0,0.90154314,1.2634956,0.8171563,2.4356487,4.02498,0.0,2.1338408,1.5230968,1.7893834,0.14471798,3.302983,0.2562028,0.0,0.0,0.82301843,4.104104,0.0,5.358478,1.7360579,2.9366038,3.1625295,3.1629016,4.81135,3.3640664,3.844354,2.5693476,0.43927953,0.78541887,1.4007276,1.7540783,2.2164855,0.6849118,3.795714,1.6453735,1.2765248,1.2679591,0.35296178,3.6673534,3.7125719,3.810871,1.8041549,0.0,0.94888556,2.2686472,3.2045515,0.49645415,1.9663554,1.2038723,5.251796,1.4174255,3.5177042,0.3633126,1.711376,4.7134643,0.6447888,1.3750569,3.8423781,1.8540295,2.2962127,0.0,1.9515095,1.9170848,2.2618623,0.20399636,2.6618173,1.8842329,1.4266678,1.825837,1.6906457,3.4866884,3.3019855,2.1265273,0.0,2.741782,0.0,5.246321,0.0,1.5045105,5.880504,2.4316463,2.924277,2.2569177,1.9706852,2.7902126,1.4472971,0.50107944,0.43902534,0.40952897,0.0,0.2822641,2.603355,0.93372834,5.2874293,1.3795694,1.079311,2.2642558,4.0835013,5.845941,0.09854749,0.096198514,1.0009394,4.2205405,0.6290605,2.7404509,1.7622052,2.3352194,0.3744754,3.3157258,0.0,0.0,1.0876247,1.1599759,1.1228191,1.1689166,4.636884,3.864037,1.8540326,1.2842157,5.175463,3.6252036,0.0,3.1694562,1.8755443,3.6476676,3.2563224,0.6835003,3.4672673,0.0,0.0,0.7922372,2.8323593,1.8351598,3.081773,4.5634828,1.4922026,2.9340804,0.2269667,4.1233788,1.8189579,2.0178542,1.6838849,4.65089,1.1499333,0.6140257,2.1899748,0.0,2.8026335,0.8705688,3.67872,1.2379787,2.603066,3.7799504,1.7668055,0.0,1.7973306,0.92914134,0.8080923,1.626527,1.1070116,0.2007605,3.3901787,0.0,2.46887,2.380871,1.6503888,3.4761293,1.319197,0.0,1.7836447,0.5464515,1.8233283,4.4306717,2.212909,1.2951765,2.5107203,0.0,1.1856192,2.420304,1.9777833,1.5238106,0.0,0.0,2.2884452,0.70065385,0.0,5.372354,0.0,0.3956072,0.0,0.0,4.8569717,0.0,1.4747809,6.164607,1.3007253,1.7086852,2.8033302,0.39467537,0.0,0.61052,5.0573983,0.2796157,1.6807348,0.49588063,1.2732377,0.6336064,1.8056908,1.0147436,2.4717066,0.29961705,0.0,3.2918642,0.0,0.74041384,3.7993681,1.5458891,0.0,2.5317376,0.11730812,1.6370683,1.3786587,0.87460804,0.4306903,0.5753141,3.3868906,1.6067224,0.9743714,0.0,2.533578,2.8402271,0.25401238,0.0,2.2115667,0.5816162,0.0,1.8208075,0.0,2.501514,2.5378776,1.5305444,2.2378116,0.0,1.8149996,0.0,0.7954433,0.39599904,0.28093854,1.9247211,0.6628852,1.4484901,2.635673,4.4373746,3.7239602,1.9511733,2.4020982,5.3082867,0.814268,4.285343,4.245185,1.2639482,2.5077004,0.3672369,4.073567,0.0,0.0,2.0900452,2.036008,0.5013459,2.1246986,2.4238517,0.0,0.9900668,6.377139,2.2186499,2.0907242,2.9926097,0.7233004,0.0,0.5170583,0.0,0.0,3.3118222,2.3997724,3.82606,4.486743,3.8423831,1.8025956,1.5834597,0.0,1.155009,1.3370734,0.0,0.8886345,0.0,0.19024578,1.940714,2.645619,2.361358,6.2894073,0.71275127,1.7214932,1.3711772,3.494746,1.3074594,2.3697898,0.35445198,1.0778943,0.0,0.9863656,0.0,0.0,2.813535,2.0641844,1.9391918,3.1878445,1.0588394,0.0,2.583202,0.0,0.5114364,1.4095563,1.1632963,1.0141001,1.196253,0.0,0.0,2.8415937,0.0,0.0,0.9383135,4.57325,0.41082808,1.0697604,3.458254,1.2196023,3.1939168,1.9295679,3.0873046,1.4315451,1.9398576,0.0,3.3419154,3.7299757,4.725626,0.0,2.5422854,1.0308173,1.4380264,1.5753138,0.4567291,0.014087889,0.0,0.7887786,0.45052773,5.026313,1.6065447,0.0,0.22606318,0.0,1.4461246,2.1250622,1.4033169,3.1743622,0.9417219,2.4961605,3.1565917,3.196579,2.4648051,2.0592175,1.4754878,0.0,0.0,1.7375978,2.7581165,0.0,1.4665486,0.0,2.994725,0.8368932,0.0,4.030887,1.2526182,5.48795,1.0069582,1.4876795,0.0
CA1,5.43535,0.0,0.6103761,0.0,2.5319767,4.3662314,0.0,3.2142959,1.1118826,0.0,3.4952335,3.943166,1.808747,0.14685917,0.79346335,1.3315849,0.0,2.4596589,7.5255575,4.0806203,2.8664942,3.3282669,1.5134845,3.2972145,0.15052402,1.460331,0.0,1.6395012,8.684752,0.3248786,0.0,3.064386,0.06353428,0.0,2.790364,0.0,0.0,0.0,6.077187,0.66407067,0.0,10.498901,4.4446607,0.0,7.5419703,4.271427,5.8010335,0.0,0.0,3.299351,0.0,0.31867796,0.82306224,4.203379,0.95421225,0.0,1.6292653,6.6685443,6.551838,5.319565,0.90870976,6.533498,0.5853003,3.0745044,0.49882388,0.0,4.981391,4.286135,2.8465643,6.3068237,0.0,3.577843,0.0,0.0,1.9650526,0.0,0.33739856,1.6889675,1.1376644,0.42622507,2.362208,0.38050354,1.7423615,1.2899408,2.1194568,0.0,0.5708665,0.6583906,3.0149338,0.71206975,0.0,0.0,5.3590455,0.0,0.0,2.1020002,2.061718,2.1137388,0.0,3.1434755,1.6138694,1.3307238,0.0,0.2851864,2.42902,2.36867,2.4317908,0.0,1.6225812,4.59574,1.40448,1.6014894,1.9632972,1.4533037,2.6494653,0.0,2.1890953,5.0167775,1.8607235,0.0,0.77173936,3.2938666,1.7962842,4.7625046,3.712218,0.0,0.0,0.0,0.23873502,1.9323118,0.0,1.2760007,0.6036891,3.7274392,0.35453117,5.53852,5.123477,1.2641628,8.912863,1.9481171,5.072543,2.3737547,3.2748904,4.6088586,2.8049154,0.0,8.257022,4.1434717,1.2448275,0.0,0.47142202,3.1550179,1.0976881,3.996096,0.8611134,0.0,1.3218327,5.70067,2.117891,1.3255371,2.9423022,1.4434175,3.9602678,2.8670206,0.8558144,1.0558729,1.5862814,2.3269324,0.0,0.0,2.1071284,2.4055197,7.7888117,0.0,0.595398,2.4046268,0.44907358,1.0484586,0.0,5.413143,4.4687104,5.3137016,0.0,1.8558775,1.8131351,6.3719935,0.0,1.6972634,0.0,3.575829,0.0,3.9779656,5.217319,2.7641706,2.4558046,0.62185436,8.194472,0.0,3.738095,1.7620031,0.3698545,0.0,0.0,0.31605446,0.05146027,1.8108312,1.2809399,5.344489,5.049214,1.3517162,1.1822999,8.980289,0.22810075,1.7040633,3.6596231,6.399563,0.060690843,2.7955692,1.2199793,3.369706,0.0,1.1476376,4.499023,0.0,2.1529865,0.16218346,0.75567293,2.784774,7.036383,7.9803443,1.9112632,0.0,4.860835,0.0,0.0,5.0483556,3.831519,1.3078041,1.5974945,1.7395638,0.2927008,0.0,0.9267384,4.300518,2.0070255,2.3532636,6.139565,0.7292712,2.3877382,5.6351786,1.0873758,1.502124,6.2259088,3.2200267,4.7495875,7.590127,5.0809937,1.6773723,1.0649962,0.0,2.091228,2.7292552,7.4494834,2.745147,2.6706347,4.037377,3.1156054,0.21257293,0.9139345,3.658581,4.265141,2.3329203,2.4238935,5.114494,2.673862,0.0,1.4071589,0.5400488,2.4060328,4.8808136,1.0848446,0.7789428,2.7406976,1.5119482,0.8932742,7.814572,3.8966935,3.0340805,2.0855718,0.0,3.7791586,3.5931268,0.5298279,0.0,0.0,0.0,2.2854464,0.90359545,0.12601088,4.964105,0.0,0.0,0.0,0.6651139,3.4380202,0.0,3.2684174,3.1009686,3.709823,4.3043165,2.2745001,1.0376154,0.0,0.0,1.3585304,0.26592442,1.8936749,2.8760545,0.41653705,0.42118722,0.091865644,0.5583136,2.046212,5.0306005,0.0,6.00838,1.4560815,2.7621288,1.5079228,0.37870786,0.0,1.132582,0.5259458,0.38180447,2.4003196,0.49802548,0.0,2.2701025,9.163295,1.8053219,0.84382004,0.1753839,0.7437333,5.1621413,1.5833824,2.0701644,0.35898322,0.0,0.0,2.9397416,0.27279034,0.90821713,1.516038,0.31409734,2.5509267,0.0,2.290584,0.0,3.795598,0.0,1.4989332,1.6628582,4.7412868,0.0,2.2873201,4.8722534,4.152035,1.7953092,1.6001877,4.870663,0.0,1.1403474,3.631037,5.6897707,3.8644502,2.0620716,1.5068613,0.0,1.0437791,3.3887143,0.94562006,0.0,0.0,2.2570963,0.9897422,0.0,5.0489335,3.2845228,2.6007423,2.2461712,0.40420347,0.0,3.1573336,0.5931035,0.0,8.490197,3.0942993,3.8213205,3.0492196,1.6760031,1.2353469,3.9849622,2.145491,4.0943527,4.719811,4.05459,2.294163,0.8452649,0.0,0.7081647,0.0,7.1668415,9.286781,0.9834175,0.5578215,4.2741284,3.1970766,0.0,0.0,0.0,1.3732313,0.0,2.5256279,0.0,0.0,3.9301946,1.2895267,0.83515894,1.5445105,1.8400067,0.0,0.0,0.0,4.973526,0.0,1.1466657,0.0,0.0,0.0,0.0,0.0,0.0,0.0,0.0,6.5834165,3.2793224,1.9972165,7.939738,1.75123,1.8281813,6.6914005,0.86098844,0.0,0.38709953,0.0,3.5883653,5.223465,5.734761,0.8604688,2.7905898,3.3537502,3.1910567,2.4784908,1.5941625,3.1562166,0.0,0.0,1.8116796,3.6066911,1.9361243,0.0,0.0,0.0,2.819044,2.606468,1.1606804,4.2604756,1.3846221,6.879557,1.653387,0.44705078,4.331048,6.1588087,2.4469306,0.0,2.9211888,2.2873137,1.2784065,0.0,1.4785397,0.0,3.3388283,1.7187252,0.0,2.483915,0.0,2.891573,1.8911871,3.1366327,0.0
CA4DG,4.4487205,0.0,1.6621124,0.0,3.75975,3.0503325,0.0,0.36105666,0.75967646,0.0,2.8946242,3.1350937,0.0,0.14164424,1.4665761,3.0218122,0.0,3.2306476,6.1443095,4.6225357,2.6208115,1.6548338,0.31872165,2.5075216,0.79638225,0.7927265,0.0,1.8154368,7.6044803,1.5811456,0.9757816,1.2117983,0.0,0.0,1.2740695,0.0,0.0,0.0,5.8822837,1.678037,0.0,8.727967,2.6922739,0.0,5.9987307,2.828257,3.9922388,0.0,0.0,2.535999,0.0,2.0350134,1.4530345,1.8471237,0.6676384,0.0,1.2667271,4.7959356,5.747308,5.3285704,0.0,5.609079,1.2103858,1.7673872,0.07782542,0.16253696,4.9704494,4.5167656,0.7943764,7.526436,0.0,2.7777846,0.0,0.0,0.29738328,0.0,0.008640068,3.6544614,0.7985464,0.6801454,2.167229,0.016291734,2.1967063,1.7996734,1.0880558,0.28365898,0.7606035,1.439206,1.3413134,1.9208941,0.007642437,0.0,2.919757,0.0,0.0,1.5486186,2.5925596,1.7680687,0.0,2.0850115,0.34790832,0.0,0.0,0.21920992,0.37662414,2.048459,2.590401,0.0,0.110832736,3.2508602,1.5429721,0.96654993,0.6669609,1.3144445,0.9472029,0.0,1.1885723,5.270017,0.53880376,0.5017015,0.0,0.8587138,0.0,4.299163,2.844859,0.0,0.0,0.0,0.0,0.0,0.0,0.47575504,1.4830894,2.5781581,0.0,6.583132,4.2910604,0.0,7.555935,4.661964,4.0878677,3.2309635,0.10122694,5.148155,2.1288173,0.0,6.4426675,2.5248742,0.641169,0.28603733,0.45269376,2.4099689,0.93513566,3.189957,1.8385537,0.0,1.876858,5.975183,2.3364768,2.3064258,2.7816923,0.0,3.1038506,0.9881307,1.0010289,0.8547372,0.43723792,2.924009,0.0,0.31687492,1.7887313,2.8110175,6.643021,0.0,0.0,2.6838036,0.06173982,0.0,0.0,3.3797035,3.6078496,3.1102653,0.0,0.4522129,3.0018983,5.6034656,0.0,1.4380616,0.22426616,3.4756238,0.18562265,1.5138936,2.6723313,2.7681646,0.18136474,0.0,6.5792294,0.0,1.498958,2.9994342,0.65986943,0.0,0.0,0.97007,0.7290054,1.9076426,1.1898313,4.2747374,3.8571937,2.833743,2.0386474,7.185959,0.33224162,0.16351856,4.618231,5.4520483,0.015595444,0.8699142,2.3363457,3.142935,0.0,2.0871542,3.672838,0.0,2.0298762,0.0,1.4948273,2.2259495,6.4045615,6.33935,3.3490505,0.0,2.9367077,0.0,0.0,3.9649692,2.9759705,2.035615,0.22345048,3.1925628,0.13204315,0.0,0.9858217,3.0591068,2.4126077,1.3690867,5.013422,1.2743003,0.30125022,4.76668,0.7969761,2.343246,5.6306753,0.8455052,3.5232186,4.9707727,5.1065974,0.0,0.0,0.0,0.4696394,2.1012697,4.6125026,2.739134,0.7805446,4.0081835,2.5566266,1.5163903,0.032165483,2.7228692,3.7843435,1.4595212,3.2384496,2.1172407,1.0892437,0.0,0.0,1.2737659,1.8850895,3.4427993,1.592115,0.0,4.204682,1.6191679,0.0,6.652335,3.8002007,0.7874592,2.0665977,0.0,3.0352657,1.3986391,1.8498703,0.0043483004,0.0,0.0,3.4609578,2.375627,0.59091353,4.6380725,0.0,0.013252271,0.0,0.03676808,3.0778453,0.0,4.1690555,4.058037,4.0671606,2.9349506,2.0181224,2.0581603,0.0,0.0,2.1449025,0.40223834,1.7298578,3.409766,0.59372,1.3892952,0.0,1.5663826,0.7157063,4.158925,0.0,4.4927034,1.9969133,0.0,3.0036201,0.8932451,0.0,0.0,0.15751292,1.1347878,1.1938063,0.8220416,0.7462121,0.60738456,7.382777,0.5511448,0.78952634,1.4915257,0.0,2.4326916,0.8809896,0.08505584,0.8471446,0.0,0.0,2.0408435,0.050733015,1.8852979,1.7938097,0.0,4.1111927,0.0,2.4638183,0.0,3.7570367,0.0,0.48665264,2.1818323,2.730619,0.0,2.5251598,2.869904,1.222943,2.5875168,1.4401432,4.8010917,0.62860405,2.0233696,3.1706476,5.659546,3.3260226,0.5724414,1.7826449,0.0,0.7129209,3.8646433,1.8435012,0.3804407,0.0,0.10226889,0.6467481,0.0,4.048851,1.749324,3.641521,2.2901387,1.0783812,0.0,2.2584276,0.01483158,0.0,8.121031,2.4994535,3.9972925,2.401057,1.7550673,1.2087299,2.983138,0.6816103,2.478932,3.647723,3.5599442,3.863883,0.36103094,0.0,1.3781637,0.12513702,4.7291665,7.3761783,1.4307264,0.57068014,4.990121,1.7846017,0.48269227,0.26955876,0.0,1.6276708,0.0,1.0169313,0.0,0.0,3.7988427,1.8669215,1.5855478,2.402605,1.9917153,0.0,0.0,0.0,4.138629,0.0,0.6372742,0.0,0.18334799,0.0,0.0,0.0,0.0,0.0,0.0,5.9271092,1.3941708,2.6889758,5.9732966,1.7342154,2.3278115,5.678084,2.4452853,1.07731,2.5010054,0.0,2.1630495,3.5840502,5.1196733,1.8707446,3.3105083,1.1164758,2.7641964,2.7265189,1.1216621,1.1122302,0.0,1.3524084,2.1614633,3.9378688,0.16026723,0.0,0.0,0.0,1.0267513,2.4038832,0.87125576,2.717913,2.5987637,4.933614,1.0027868,0.0,2.4965205,6.4598627,2.2831888,0.25793642,0.3716013,2.7013052,0.2662766,0.0,1.9044033,0.0,0.40996817,2.3780794,0.0,2.685466,0.9097775,3.0418875,1.5885199,2.173512,0.0
CA2CA3,3.5909956,0.0,1.9039131,0.0,3.0382023,4.3413963,0.0,2.4035761,1.6487491,0.0,1.9754969,2.9324095,1.6467623,0.66681737,0.41295937,1.9025229,0.0,3.836417,5.307088,3.6503062,2.9581404,1.1751634,0.34102404,2.4386404,0.7066022,1.1197478,0.0,2.6562183,6.2720337,0.86570317,0.6724836,2.2498796,0.4099593,0.0,0.9151873,0.0,0.0,0.0,5.755272,1.0585508,0.24849434,6.9643717,3.530317,0.0,6.2640934,3.6264625,2.4856193,0.17990872,0.0,1.5960401,0.0,1.3076304,2.1564786,3.4321895,0.49008548,0.0,2.0946236,4.7326794,4.5311737,3.435632,0.21622667,4.118497,0.10271067,2.9854386,0.7393323,0.61141014,3.9223323,4.156383,1.4852684,5.1300755,0.0,1.8660078,0.0,0.0,0.10540163,0.0,0.31139126,2.0014033,1.3925272,1.1612461,2.5476482,0.3973133,3.0381403,2.1975813,2.4519424,0.05844294,0.18932006,0.38752887,1.015764,0.7864062,0.36054707,0.0,2.4210973,0.0,0.0,0.5309403,2.3686771,1.0136492,0.0,3.0298393,0.6599739,1.7384214,0.0,0.42126495,1.143455,1.7388957,2.3847606,0.0,0.9303029,3.0118494,1.2059288,1.8446164,0.3802654,0.81275684,1.5203651,0.0,1.2263968,3.3399186,1.6541002,0.0,0.80194026,0.26698506,1.3600703,4.1624875,2.39222,0.0,0.0,0.0,0.0,1.1958356,0.0,2.5883882,0.9363527,3.3744729,0.9319836,3.9973536,2.4543524,0.7516472,7.390124,2.40229,3.305416,2.9843137,0.80059254,3.8199396,1.6445531,0.0,5.506229,2.117074,1.6301432,0.036190934,0.3628306,1.8265532,2.0818222,2.6076727,1.72746,0.0,2.4670954,4.1965113,2.448224,0.3953616,3.29861,0.0,2.6190908,2.4081545,1.4967872,0.40977055,1.5989592,2.7697666,0.0,0.08084029,1.8615457,3.00076,5.8095393,0.0,0.7530108,2.899724,0.758211,0.0,0.111517,4.4480977,2.466134,2.6903534,0.0,0.8098185,2.325607,4.844869,0.0,0.30289203,0.3450692,3.667223,0.07976557,3.0569654,3.5213206,1.5666583,2.3268504,0.0,5.7318797,0.27413452,1.2835139,2.894444,0.48417395,0.0,0.0,1.7822622,0.22188592,1.5576164,2.1998656,2.8000011,3.986407,2.6010973,2.5824416,6.0412207,0.051620334,1.0003585,3.9319017,5.623253,1.1752638,1.4208095,1.6010804,2.645283,0.0,2.590931,2.8254993,0.0,1.9442407,0.4474123,1.2572869,1.818491,6.0857463,5.395018,3.5632777,0.16832156,3.6358097,0.0,0.0,3.6696854,3.5988755,1.9964122,0.5622631,3.1595597,0.58357465,0.0,0.6045623,2.2082632,2.2911816,0.6128046,3.2185974,2.7067075,1.375706,4.570063,1.4719063,3.1519225,5.8460827,1.0562806,3.027455,4.6802835,3.5786462,1.0947351,1.3778632,0.0,1.5382482,1.964411,6.2780294,3.2031183,1.5146068,3.7548337,2.8315585,0.24605149,0.0,2.082148,3.7605622,0.0,3.8315122,2.36351,1.6933823,0.0,0.0,0.0,2.4266722,3.2444293,1.1743407,0.0,3.6228306,1.594134,0.0,6.262857,2.7782767,2.0762727,0.7856384,0.0,3.1220803,2.5445592,0.87049633,0.0,0.0,0.0,1.8075335,1.3814288,0.94618654,5.2396636,0.0,0.33097917,0.0,0.0533033,3.2884316,0.0,3.7390842,4.0118613,2.912109,2.6208544,3.9717677,0.6201377,0.0,0.0,1.4699029,0.79939425,1.5817143,2.3568966,0.93298125,1.275539,0.9363164,0.26910403,0.09845878,3.368669,0.0,4.067901,2.38625,0.15275073,2.213511,0.080115825,0.0,0.0,0.04665768,0.68037516,0.3419117,1.708702,0.0,0.56239045,5.8956714,1.6823896,1.5533842,0.73668766,1.8629755,2.5739114,1.5860727,0.4582634,0.13854645,0.0,0.0,2.169879,1.1069884,0.23588057,2.4821239,1.315785,4.219091,0.0,2.2571933,0.0,2.588757,0.0,2.0421753,2.3620791,2.1852438,0.0,3.2679186,3.692242,3.7234325,1.2486887,1.7062609,4.0563173,0.03589073,1.0198008,1.8138998,4.0644436,3.0597599,0.5856287,0.74722254,0.0,0.50779223,2.732168,0.8508879,0.04280459,0.8569969,1.442285,0.90286297,0.0,4.8200636,2.7943432,4.053214,1.6105691,1.8940369,0.0,2.544724,0.0,0.0,6.4288225,3.73438,2.9599226,1.9932672,1.6442358,1.4002236,4.1319513,1.1988201,3.1158779,3.4135163,2.0297039,3.2442923,0.9674039,0.0,0.63921946,0.23600899,4.7559505,6.5608797,0.32331887,0.6556157,3.5429826,1.7646964,0.21438,0.0,0.0,1.14785,0.0,1.3630314,0.0,0.0,3.861451,2.1432106,0.68255514,2.1293554,1.9649256,0.07881702,0.0,0.0,3.0452561,0.0,0.97385645,0.0,0.0,0.0,0.0,0.0,0.0,0.0,0.0,5.467982,1.4115193,1.909256,5.7934637,2.4983327,1.4002272,4.4475923,1.2679096,0.7587215,1.1104054,0.0,1.9621835,3.8139179,5.1903358,0.43214944,2.0413346,2.8181663,2.9291558,2.671509,1.2956812,2.612463,0.0,0.99151045,0.58147573,4.753003,0.2905832,0.0,0.0,0.0,2.308485,2.382754,1.5611047,2.9066827,1.0770912,3.860037,2.0596702,0.30867866,1.6561688,6.0602865,1.7219478,0.06568458,0.13232794,1.9627986,1.1884779,0.0,0.42525938,0.0,1.6958266,1.9112972,0.0,1.5242895,0.49304375,2.6691995,0.71212685,2.9524105,0.0
subiculum,3.998322,0.0,1.8808585,0.0,1.7764452,2.398011,0.0,2.0872002,1.4438498,0.0,2.8099566,1.8697857,0.33186454,0.7436072,2.009358,1.373922,0.0,0.27450168,4.6521416,2.6550097,2.5576913,1.805158,1.463381,1.7206866,0.0,3.7101054,0.0,0.73748994,5.8239126,0.5247534,0.08215641,1.2907513,0.0,0.0,3.6344767,0.0,0.0,0.0,4.4173846,0.5233379,0.9770482,6.44559,1.8675653,0.0,3.7381632,2.4644127,3.9196143,0.5724525,0.17056794,2.738391,0.1580266,0.7954732,1.4433721,0.20626697,1.3196516,0.0,1.1812242,4.0579715,4.7453327,3.8573909,1.9630756,5.1570196,1.1261286,0.22859688,0.2884376,1.2846859,4.2575784,4.37634,0.93741494,4.5873027,0.0,1.3451788,0.0,0.59822977,1.7177685,0.0,1.8026214,3.0711298,1.2657098,0.34134734,1.3474004,0.6580102,1.5874046,1.3419245,1.1107888,1.6532503,1.6618384,0.0,1.3770928,0.40705144,0.0,0.2272108,3.0269208,0.5002581,0.0,0.0,2.703301,1.2895002,0.0,2.9598408,2.1821084,0.8316782,0.0,1.8438736,2.7014387,1.2102542,1.4257077,0.0,1.1045924,3.207471,1.365569,3.0294378,1.6637188,1.1695967,0.8305423,0.0,1.873564,3.3401473,1.3868864,0.029693857,1.9655386,2.5367823,1.0095243,3.46292,2.4695659,0.0,0.0,0.05546952,0.7744066,1.690774,0.0,0.44179958,1.683374,1.4783747,0.63221496,3.8916447,4.2383847,0.7420692,6.2295356,2.5392096,2.0005095,2.7272766,1.2629807,2.3350136,1.4799491,0.0,4.0821238,3.1140976,0.6765172,1.4378912,1.8161759,1.6076871,0.061720535,3.4186227,1.3710616,0.0,1.2162799,4.966448,0.82489884,0.6435293,2.05262,1.5239954,2.9121203,1.8899887,0.9555958,0.53119785,1.0573752,1.9327554,0.08789191,1.2402991,2.0861778,1.3130368,5.9533772,0.0,0.82399344,0.42914647,0.25996944,2.5567393,0.91765916,2.5213776,3.0616944,3.1912408,0.0,3.2847977,1.3575243,3.2679813,0.0,0.8941106,0.0,3.8393922,0.0,1.9144274,4.967926,1.0407308,1.6912258,0.31265965,5.8845267,0.0,2.86464,2.4258945,0.86394775,0.0,0.4215679,0.46718192,1.2339324,2.0204678,0.99282783,4.7413616,1.145565,1.3052341,1.2496102,6.265175,0.84212995,2.1326547,2.669682,1.7613716,0.12198082,0.57692146,0.16925976,1.8701447,0.0,0.0,2.5159268,0.0,0.21146286,0.6492329,2.4830081,2.3797085,4.6044173,5.282987,1.2654328,0.6483652,2.3027174,0.0,0.0,4.078793,2.9198272,1.414905,0.6500941,0.5577471,0.83934474,0.0,0.32236108,2.9454865,2.6823497,2.2015507,4.3166637,0.28540805,0.56254494,3.5847418,0.6547353,1.8556166,2.903922,1.6064106,2.9531379,4.570487,3.8940668,0.19785185,0.4980351,0.0,0.6718003,2.0522091,4.1717267,0.58231753,3.1352003,4.7496614,1.3889635,0.0,1.1222637,2.1719027,3.0421326,2.497505,1.8016844,2.9244862,0.8056518,0.0,0.53735805,1.1438811,1.386813,3.3222573,1.8412598,0.0,1.2721655,1.7129431,1.8316301,5.4832706,3.6287155,0.7727026,2.853314,0.0,1.8360372,3.2739773,2.0435905,1.3195002,0.0,0.0,1.8176149,0.27690798,0.0,3.4685674,0.0,0.0,0.0,0.0,1.0199172,0.0,1.3642,3.9691656,2.8098302,1.9753699,1.3518859,0.8864612,0.0,0.0,1.9747254,0.8408895,0.0,2.0398338,0.48386014,0.20904511,0.09339626,2.448802,1.7134682,1.936329,0.0,3.2180283,0.5718213,1.1737306,1.2163299,1.3371191,0.0,1.5703495,0.113959745,0.056485467,3.4114325,0.52549535,1.1008991,1.1605818,4.5420094,0.93875736,0.37903672,1.4415166,1.2352277,2.6614778,2.498041,1.2867786,1.9777257,0.0,0.0,1.0470364,0.0077028703,2.2984815,0.33242232,0.2524307,2.584461,0.0,2.736581,0.0,2.1348655,0.0,0.59046507,0.0,2.5458603,0.0,0.4956793,4.6876574,2.297702,1.4393616,0.7104977,2.2069864,0.0,0.0,2.5080361,4.3458385,1.3498176,1.9379194,2.4013474,0.0,0.27483493,1.7440393,0.9717299,0.0,0.0093344,0.0,0.55830723,0.0,3.5137608,1.0663381,0.7209465,1.6240622,0.92833763,0.0,2.4155953,0.3509809,0.0,6.3452597,1.2848493,2.8934379,1.9323021,1.1931825,1.6207098,1.931397,1.7469903,1.0705159,1.2114972,3.9346004,1.5304527,0.05385197,0.16894013,2.4265585,0.0,4.2209296,5.4645376,0.5982224,0.0,4.4609456,1.4747903,0.26582935,1.880503,0.0,1.6878664,0.0,2.9378273,0.0,0.0,1.854873,1.6283833,1.2150617,0.74566656,0.86473876,0.0,0.0,0.0,2.755319,0.48143148,0.26966903,0.0,0.49647754,0.0,0.0,0.039902948,0.0,0.0,0.0,4.672965,0.572136,0.16647786,4.5448203,0.38297004,4.08081,3.3933938,1.9663762,0.55260116,1.299705,0.0,3.3190615,4.862904,4.3420076,1.7683576,2.7774124,1.4664665,3.4318013,1.7021009,2.089837,1.0539278,0.0,0.0,1.6174867,2.6108158,1.4547774,0.0,0.13680626,0.0,1.0872399,2.2337205,0.0,2.7526755,1.8030701,5.218636,0.8120682,1.7272954,2.4447155,3.3152745,0.43686992,2.6570852,1.9797152,2.20107,2.0333579,0.0,2.491387,0.0,1.7474478,2.169096,0.0,1.2189589,0.0,4.004844,2.4179258,0.58867824,0.0
Claustrum,2.5600572,0.45514008,2.206578,0.0,1.2477784,5.7084665,0.0,5.9625897,2.8379924,0.0,0.18770497,2.9200363,4.249776,1.5200406,0.0,0.63179356,0.0,0.35202911,2.6753106,1.689843,0.46827194,1.8104116,0.5863601,2.535334,0.0,3.3208897,0.0,2.5899718,3.4317098,0.07990566,0.0,2.9765427,2.0637367,0.016226925,1.0698847,0.0,0.0,0.0,1.2493283,2.6456895,1.6587005,1.3595045,3.339852,0.36002678,1.5681214,4.829896,0.7480442,0.6827732,0.9009304,1.6209611,0.7561381,0.0,4.360586,2.2813659,0.17630644,0.0,4.371744,2.352604,4.681047,2.9521997,3.913889,2.3210878,0.0,1.8507298,2.547796,3.19273,1.2368345,3.3132439,1.0124145,0.0,0.5299709,0.0,0.0,0.0,1.0665498,0.0,1.9921231,3.010603,1.601226,1.0167656,0.0,2.5905085,4.22812,3.7559767,3.0858665,5.6486273,0.920187,1.7166743,0.5126079,0.6591555,0.0,0.6395708,2.7423155,0.0,0.0,0.0,2.8083637,0.90085256,0.73139364,4.552425,4.528903,6.1056514,1.3361595,1.8095862,5.569849,5.3574605,3.2562337,0.0,3.9791086,0.0,0.16787478,2.231934,0.0,0.0,0.74072397,0.32758468,0.7730747,0.0,2.0959632,0.0,2.1381984,1.245957,0.07335855,2.532726,3.1465979,2.647538,0.0,0.0,4.362053,3.0949337,0.0,7.722807,2.6217303,2.5468128,1.8952097,0.80037147,1.3524008,4.9668984,4.4502087,1.2271733,0.3854691,2.1373372,2.5650506,0.30969957,0.6448873,1.9785093,1.9378252,2.384792,2.4258437,1.4747864,0.0,1.5117668,1.1279322,5.5172935,0.9936656,0.0,0.9535432,1.0910476,1.4673202,0.0,0.0,1.9752442,2.9343383,3.3582506,3.1347392,1.794598,5.5323772,2.3799026,0.8571394,0.0,5.507355,0.90876967,1.738388,0.0,0.8971228,2.5945997,1.2068797,1.7542634,4.43536,3.8772917,3.837087,2.2517378,0.0,4.7433953,2.2072315,1.3656808,0.0,0.61339074,0.0733114,6.175773,2.0174847,3.055255,7.658868,0.6652397,3.4854383,1.0701182,1.7974575,1.9997877,1.9079531,0.0,0.0,0.0,0.0,2.887279,0.683702,0.3498526,3.019357,3.4358387,1.7640142,2.4461439,5.6017375,3.5381389,0.14569578,1.6154628,0.1179064,0.35247335,1.8075007,4.771757,0.0,2.1126163,0.0,4.535295,1.5651529,0.93634456,0.5959943,2.0942245,0.0,1.877185,1.3911806,5.3166776,2.7215903,4.4771223,2.4195855,3.570903,0.0,1.4367769,4.0266523,3.3864949,1.4734757,3.0659745,3.0203426,0.0,0.0,2.595182,4.9038334,5.2437377,1.1110669,5.6510806,3.3823493,0.039911717,3.6076505,4.308603,3.3765373,3.2134225,0.97338146,0.531978,2.9404728,2.3763273,4.288382,0.0,2.2947385,0.0,4.343727,1.5501577,3.3036323,3.717238,1.5192498,0.0,0.7843235,2.0896409,3.0935228,0.0,3.1445038,0.30397058,4.7459564,0.0,0.799263,0.23933329,3.5633106,2.574063,0.0,0.0,0.0,3.0245678,0.0,4.5524683,1.4631354,3.8342543,0.58985233,1.2190399,3.8354495,4.628112,0.4366913,2.8372233,0.0,0.0,0.0,0.0,0.5633607,4.1806436,0.0,2.185107,0.09600161,0.9512298,3.4819605,0.0,0.0,3.0076988,4.0473075,1.8379437,4.5011463,0.9985733,0.0,3.4796093,1.4578115,0.80606925,0.0,0.0,0.4496344,1.1801413,5.6416974,0.0,0.26139706,0.0,3.6460125,1.6527326,3.164355,0.0,0.8498083,1.7625039,0.0,3.1929638,0.0,0.3818386,0.72001004,1.8237936,0.5342341,0.39518654,0.033914223,3.0412579,3.1829011,0.0,4.566061,4.0166383,3.4763591,0.0,0.52065367,2.9724293,1.7786748,0.7328437,0.0,1.9329252,1.2231079,2.33953,2.3082464,0.0,1.6574277,0.0,0.18502825,0.0,4.5031185,0.49768156,1.1798795,1.8933389,1.3747004,3.5347066,5.995696,1.0971584,2.8300765,1.4308152,0.0,0.97642356,1.571226,0.6692793,1.7854587,1.5883853,3.1115305,0.0,0.0,1.4505001,0.23532109,0.23638134,1.3250523,1.7692174,5.5364785,2.0294147,4.671918,3.013946,1.1326987,1.4536929,0.0,0.59766614,3.89792,0.0,0.0,3.1491063,4.155409,1.838843,3.5430963,0.02204851,1.224649,6.1895065,2.7977128,0.049747538,0.0,0.0,0.0,0.0,0.0,0.32480717,3.0284483,4.6282606,1.972245,0.4574137,3.3825593,2.5835736,3.0500872,0.37622806,3.9246426,0.85824126,1.8550196,0.0,4.0210643,0.0,0.0,1.4918699,1.5994635,2.9982867,0.47358516,3.3961837,1.4558488,3.3193007,0.0,1.0720321,2.0873277,1.6737415,1.5308098,1.4120977,0.0,0.33212262,3.67664,0.22073437,0.0,0.8345178,3.1973522,2.8049865,0.0,3.0111146,3.3015268,3.6917233,2.2800748,3.6256752,0.0,0.0,0.19318601,1.5616874,3.544495,2.6955369,0.0,0.0,1.8228631,4.073814,2.3963113,0.0,1.676277,0.0,0.06847024,0.0,5.9464436,3.0443044,0.0,0.9307522,0.0,1.2899445,1.0276028,0.0,0.05508845,2.323645,1.4208473,1.2257445,4.5892286,1.3640715,3.6027694,0.536906,0.0,2.090591,1.8962315,1.5747483,0.0,0.0,0.0,2.7954001,0.35878178,0.0,2.0835092,0.0,6.3585277,2.2597775,3.8936987,0.0
head of caudate,0.70772356,0.5403247,3.926524,0.0,0.69699633,5.080656,0.0,4.365532,2.3065329,0.0,1.9780629,1.3701329,0.7343352,1.2980045,1.7825228,0.0,0.0,4.4301133,2.6620355,2.138557,3.9862475,4.741469,3.111986,1.7925533,0.0,2.2711077,0.096729636,5.68456,2.616601,1.3039117,0.5941079,0.98220766,2.118558,0.0,0.0,0.0,0.0,3.0190933,4.0243745,3.003767,0.0,1.0722378,0.0,1.6840144,0.9006754,0.44190714,1.7054822,0.0,4.2366185,4.6920185,1.837664,2.0281954,0.7649273,3.2860441,1.5940351,0.0,0.0,3.0253677,3.0713804,0.4750474,0.4903229,0.8768203,0.19319293,3.1129944,0.07236468,0.49881575,2.0213263,1.324606,1.4931641,0.4601818,1.1267049,2.8747647,0.0,0.0,0.43271446,0.0,3.4101725,2.3152816,2.2722144,2.650371,1.3017075,2.9652448,0.23543784,2.6077878,3.3649232,5.428563,0.0,2.4470363,2.591775,1.441941,0.7979236,0.0,3.7728434,3.11271,3.1481805,0.0,3.8706899,3.2854934,1.2458147,3.5686655,0.2790917,3.143658,1.1757687,0.34815472,1.9953192,1.2010294,0.64256525,0.0,0.5711345,2.2114801,1.9784446,3.5158617,0.47381395,1.7913123,0.18392718,1.5768838,0.0,0.36660323,2.0456808,0.0,5.1456175,3.833315,3.2147665,1.2372309,3.3976953,3.2981167,0.0,2.4474523,2.2109885,4.3590856,0.0,4.4488907,0.0,3.2987354,0.6123914,0.0,2.5441723,5.9422345,2.3402767,0.0,0.0,3.4191775,0.0,1.2232153,3.1474764,2.3680272,3.6628065,0.85292184,1.8288264,3.8419783,0.73660606,0.10922176,2.593687,2.6599097,0.39521265,0.03829661,0.40506402,0.121448666,0.9920209,0.39905408,3.0394847,0.8639865,0.85663486,6.54353,2.0220358,1.9999328,2.773209,2.4656417,0.0048734285,0.53353393,0.35730138,1.4280819,2.5642955,0.0,0.24958324,1.859327,1.6457146,3.0757773,1.7045588,3.4381955,0.45924428,1.2623249,1.6750851,3.2434359,1.061272,0.121445455,2.562872,2.6716335,0.0,0.48717588,0.34984922,4.459643,4.7224026,0.25985166,4.4788365,0.062481288,0.0,0.08315694,1.6058284,3.522588,2.4805954,2.9632688,2.5347817,1.0657758,3.2286537,3.0927577,0.30587927,1.8397212,1.2770798,3.674491,2.6845846,0.0,2.1046233,2.5478148,1.3633494,0.24861482,2.2243657,0.0,1.8349967,1.1650022,0.0,0.8351616,2.8304768,0.0,0.14039811,1.5673054,4.255315,1.5930549,0.69231486,1.3381453,0.0,0.7434476,4.378079,4.3088126,0.0,1.346226,1.3148689,4.437088,0.0,0.0,1.279187,0.0,0.20080985,2.2184556,0.9304019,0.8911893,2.4733841,4.929696,1.0254265,1.5781757,1.9732199,3.9638393,2.7478545,4.0731378,2.2095888,0.0,2.8821864,1.4984834,1.9979012,0.0,0.2417869,1.7210245,1.5614367,0.7655284,2.6611972,5.3107686,1.5055327,0.0,1.5169406,0.7400703,1.9244751,0.0,2.201749,1.0034565,2.834638,0.0,0.9535604,1.9904935,1.5833386,2.1552527,2.5228539,0.0,0.0,0.8302291,0.0,4.6494703,0.0,3.2739027,1.638105,3.247044,2.6661055,5.428496,3.802977,4.242361,0.0,0.0,2.52461,0.0,0.0,1.468338,0.0,1.7532271,0.0,0.8867243,1.8558615,3.1296813,0.5824019,2.015166,3.4721599,0.11009899,4.375738,2.2920759,2.353353,3.3523023,2.822946,2.7650023,0.31337517,1.4452885,3.5874145,1.4932928,3.5874915,0.0,1.3802354,0.113888904,1.7198155,0.029559616,1.2634811,3.1194944,3.0025134,4.310225,0.0,1.4526868,0.0,0.0,2.8156538,0.61314625,0.058844045,0.0,0.16794762,2.1270342,1.6260742,0.0,6.1607842,4.803277,3.1716788,1.4453658,2.4707463,4.4353256,0.4249021,3.7132359,0.0,2.592032,2.9670115,2.5597436,1.9495189,0.0,2.1156762,1.3081031,0.22374547,0.20848867,2.4314451,0.25530267,1.7630914,2.6737628,1.3872056,4.2732263,2.2169278,2.3377466,0.99817926,1.6296065,0.19340435,2.1281796,0.8206425,4.159164,0.6980204,0.025890827,1.626054,0.0,2.5253537,2.1631396,0.0,0.0,1.2995596,2.3865821,0.91164213,0.7009768,2.4322855,0.30775002,1.5744464,2.6580672,0.5134494,0.0,1.0543926,3.0956106,0.0,1.4975998,3.526863,2.2600968,1.0870802,1.972076,0.82614493,4.5998507,2.0654242,0.0,1.4690435,0.66934353,0.9014468,0.13545632,1.9409713,2.9685419,1.8474709,2.5444787,0.24152875,0.0,0.052688684,0.9210141,2.8070543,2.5426643,5.2933693,0.05203714,3.6568754,0.0,1.5266143,1.7912925,0.70046407,3.9681883,2.2585125,1.964969,5.0999727,0.2026262,0.35659987,2.05594,0.0,2.4676347,5.684948,0.79035354,2.6748083,1.3592176,0.0,0.48326212,0.0,1.6591656,1.5226429,1.4802277,0.0,0.0,0.0,0.0,0.0,3.1611803,0.0,0.9641187,0.74965304,2.7935653,0.0,3.091802,2.5838091,2.6201751,0.37965387,0.93013114,2.6724095,1.5394489,0.8491118,2.0318165,0.0,0.0,1.2487648,1.5510997,1.4902705,1.4090916,1.9573455,2.7804327,0.0,4.5059633,2.5779006,2.4896882,2.3626266,0.0,1.3900385,3.0081177,5.6370893,0.184084,2.3045986,0.0,2.634364,4.4495263,0.03760737,3.2219517,0.0,0.8633277,0.0,0.92692417,0.5270871,0.48728323,0.3505764,1.483725,4.9930863,1.8361031,2.822816,0.0
body of caudate,3.0441182,2.5421398,1.3683461,0.0,1.4748259,4.390605,0.0,3.0657325,2.2187362,0.0,2.0751224,1.6225076,0.0,0.20183355,1.4120038,0.0,0.0,4.323285,3.7904735,2.3767238,1.5938456,4.274421,2.2097716,2.383513,0.0,0.93814266,1.0350369,4.390355,4.309965,1.9714161,0.28006843,1.7335302,3.0755699,0.0,0.0,0.0,0.0,2.2435703,3.5090337,2.5560927,0.0,1.8850226,0.0,1.8810544,1.3477719,0.75730425,2.737286,0.0,2.6901357,4.733468,1.1406847,0.39961237,0.50541425,4.1075897,0.0,0.0,0.22209908,3.1012316,3.7397134,0.11019112,0.029664703,0.30180442,0.0,3.8860648,0.0,1.2661233,2.479318,0.0,2.3135896,1.6476239,1.3599718,3.2824519,0.0,0.0,0.5638715,0.0,3.371351,0.23036368,2.0661664,2.1844978,1.4317445,2.743331,0.7317179,1.5051713,3.2764537,3.9620528,0.0,3.2853832,3.140499,1.9606812,0.26176554,0.0,2.8908284,1.2908956,3.2833471,0.6661314,2.8465276,2.7662423,1.731901,3.2228835,0.0,1.9491558,2.1708245,0.0,0.90746194,1.2296246,0.5899187,0.0,0.0,2.131712,0.98091185,1.1477268,0.35996002,1.9187273,0.20269552,0.69827724,0.656799,1.7409226,1.0566996,0.0,2.7266715,4.348293,2.9943736,1.1595185,1.6235973,2.7851582,0.0,0.9193867,1.116292,1.5556082,0.0,3.7047405,0.32221523,2.060577,0.0,0.14510883,0.8075668,3.8340557,3.5322974,0.0,0.0,2.975342,0.3080531,2.0505683,1.8322219,2.6184363,4.4307303,0.11063242,0.9407411,2.249955,0.08217787,0.99680877,2.883164,2.4249403,0.0,0.26922122,1.4153923,0.0,0.3585498,2.3970213,3.214585,1.4161863,0.86625725,4.813085,1.6092232,2.3471024,1.675319,0.8398246,0.22240624,0.0,0.17613292,1.8390579,2.098216,0.14430182,0.0,2.8525224,1.0143975,1.6784434,0.5853928,4.0936966,0.731834,1.1617887,1.3562872,0.5183539,0.22278795,1.0884988,1.658284,2.8944776,0.1657501,0.49120975,0.85928935,4.1616554,4.5010004,1.324754,1.6047486,0.7246454,0.0,0.0,2.4434965,3.4878893,4.0719786,2.1065228,2.6709077,1.5180622,3.464695,1.4085847,0.0,2.4685185,2.2548673,1.4300942,1.1368101,0.0942498,2.1892126,2.8489676,1.9429744,1.5537164,2.6055589,1.8840603,3.2317293,3.1428568,0.023101954,0.5484505,3.322616,0.0,1.8220478,1.7169272,2.780744,0.7563564,0.96642953,0.47452328,0.0,1.6894962,4.2972307,3.9017751,0.0,0.91301537,2.2762606,3.2097633,0.6464834,0.0,0.7335963,0.0,1.5091612,4.841317,0.0,0.4510128,2.4260957,3.702771,1.7995244,2.0717437,1.8313885,3.6407902,3.727521,4.3963885,2.5678394,0.23043276,3.8985355,1.2430764,2.4892125,0.0,0.44962326,1.0211774,2.1824098,2.0836804,0.47391284,2.023334,1.2758979,0.0,0.7753225,0.6606063,3.5755937,0.0,0.94853497,0.63219947,3.5733972,0.0,1.3377875,1.762646,0.48894498,1.6458137,3.6182332,0.0,0.0,0.74424607,0.0,5.041707,0.0,1.9441079,1.6169192,2.8309155,2.6991394,2.7634842,3.3627253,3.5392792,0.0,0.0,0.76041526,0.0,0.81137574,1.3429415,0.0,2.471858,0.4056152,1.55008,2.3520658,4.2730975,1.8628993,0.30775088,2.920309,1.7599094,3.9096506,1.9292079,2.6776156,1.8713721,2.5341713,1.8340073,0.58878976,2.0123875,4.2868185,2.516131,1.410815,0.0,1.6387308,2.6684608,1.8743355,1.6723887,1.459242,4.1227093,2.4423213,4.6206937,0.0,1.9025619,0.0,0.0,1.152979,0.6288399,0.0,0.0,2.406271,1.7862004,2.8072836,0.0,4.342163,5.285355,2.6307018,2.36605,0.4134508,4.3538084,0.37087622,3.912767,0.0,0.5099601,3.3298013,1.5564371,0.0,0.0,1.6783922,1.6482053,0.0,0.22929582,2.4540231,0.13140629,3.5451071,2.2869396,1.690212,1.6970215,0.023012504,2.9619594,1.232115,1.0855446,0.25292978,1.7633809,0.71891207,4.0919104,1.55711,0.28350237,0.0,0.0,2.563285,0.63527805,0.0,0.0,0.1882988,2.8678398,0.4650821,1.2333469,0.39192507,0.0,0.8435758,2.6194856,0.40923166,0.0,2.0171704,2.4809227,0.0,2.0455492,4.874769,1.2514389,0.0,0.9248423,0.83617306,4.321803,2.389695,0.07754333,3.0764797,2.519261,1.0486482,0.54237795,1.664068,0.0,1.1074567,2.4249012,1.943749,0.46015647,0.9381589,1.0617058,3.7142835,2.4325163,2.9877377,0.4771739,2.505856,0.0,0.0,1.465417,0.58798295,3.3490136,1.421642,0.99714327,3.4535046,0.89675134,0.3386552,0.014879936,0.0,4.4189153,3.6998167,0.507069,1.9517577,0.9205909,0.0,1.7857722,0.30321646,1.2561321,1.2247196,1.2744663,0.026813503,1.588146,0.0,0.0,0.17857392,0.02162972,0.6125023,0.47579026,0.76613927,0.30156377,0.0,1.5513762,0.7206108,1.2245119,0.47902253,0.39855254,2.4746566,2.424411,0.0,1.1643031,0.0,0.0,2.361553,2.2648184,1.0597553,1.9442528,0.0,3.5801613,0.0,5.1399603,0.8758365,2.0485988,1.5986418,0.0,2.0362635,3.2248032,4.896726,1.3377337,3.330221,0.0,0.3797032,3.785405,0.0,2.067447,0.0,0.6851675,0.0,0.810546,0.35363847,1.8005519,1.3839532,2.711096,2.0952826,0.6796254,2.5559144,0.0
Putamen,1.284654,1.7215456,1.2015904,0.6222416,1.7657893,3.7738879,0.0,3.7931192,1.9685661,0.0,0.51023227,2.4732254,2.1019616,1.2676156,0.4364953,0.0,0.0,2.4205575,2.7827544,1.3751901,1.2648847,2.4628904,0.6383929,1.3193156,0.0,1.1682093,0.43961757,4.0713377,2.548753,1.0275719,0.13941023,2.5728211,2.5750823,0.0,0.0,0.0,0.0,1.3278649,1.2624899,2.1069977,0.0,0.36033353,1.041972,1.5025785,0.98343545,2.3697007,0.4480931,0.0,2.342027,3.0405009,0.54127777,0.32518563,1.6761025,3.7915292,0.0,0.0,2.0278358,1.4738659,3.118734,0.40345037,0.5611148,1.0809139,0.0,2.7376864,0.38162494,1.723675,0.43998292,0.07564091,1.5737106,0.0,2.2071948,1.9551287,0.0,0.0,0.36388755,0.0,2.8455687,0.32633337,2.1047583,0.6243408,0.50694484,2.4865322,1.6517675,2.4404328,2.4545631,4.7784576,0.0,2.6668425,1.7652931,1.5477896,0.22458957,0.0,2.449217,0.29542938,1.6581265,0.2927159,2.2328372,1.5386728,1.3178471,2.6415367,1.7076654,3.5757563,1.5277672,0.46485943,2.5451896,3.7222638,2.2530265,0.0,2.295694,1.3116904,0.5324738,0.5933424,0.0,0.019939674,0.585354,1.1316404,0.0,0.0,0.9765703,0.0,1.8282849,1.993955,1.7358844,1.8939685,1.0197463,2.7021413,0.0,1.203696,2.629671,1.5618461,0.0,4.382908,0.26521978,1.6024278,0.3667735,0.0,0.03735177,5.778607,2.8202653,0.0,0.0,1.1674008,1.3655744,0.8965682,1.3211986,2.382979,3.2365055,0.29514733,1.2089744,1.7466666,0.0,1.1776645,1.1515565,3.0802867,0.0,0.16884044,0.0,0.0,0.5147637,0.007412742,0.71352535,0.9237988,0.44622642,4.6887403,1.830334,1.4517008,3.424501,1.0335603,0.0,0.5020751,1.349217,1.0558778,0.729341,0.0,0.2760317,2.47009,1.0849415,0.5394488,2.4625616,4.364023,1.624276,2.0431075,1.9764364,2.0415466,0.37919772,0.63815,0.0,1.4420046,0.0,2.0734372,1.2201293,3.1188278,4.3354797,0.75967467,3.2731538,0.50011384,0.0,2.3208857,1.6257837,0.046349324,0.80109936,0.7533246,0.0,2.4925277,1.3538082,0.42227885,0.0,2.0814312,2.869737,1.6039013,2.6567538,0.31158882,1.0376722,1.1451169,0.0,0.0,2.507864,2.3482976,0.0,1.3266755,0.7305163,3.0973437,1.5201781,0.8875425,1.2921188,1.405717,0.32299107,1.3883861,0.054588396,2.1852555,0.0,2.83672,2.3883312,3.7755997,0.0,0.08048122,2.1293004,1.7929271,0.5350806,1.1097813,1.5879525,0.0,0.0,1.8331021,1.9152122,2.0639994,0.74476534,5.40939,2.6219788,0.0,3.0351765,2.709829,2.1116402,3.4642282,0.380557,0.0,1.984658,3.0090697,2.8010056,0.0,0.8861919,0.95145166,1.9689307,1.0377253,1.6063932,2.4226437,1.3979597,0.0,0.5163831,2.0339036,1.6848979,0.0,2.1989412,0.5379333,4.098526,0.0,1.0444934,0.47454932,2.3214917,0.9494949,1.0542437,0.0,0.0,1.468193,0.0,4.60448,0.0,3.5280294,0.0,2.5514984,2.9029348,2.906601,1.07114,3.278597,0.24050681,0.0,0.052533317,0.0,0.6013088,1.1084876,0.0,3.0121298,0.08677803,1.7206541,1.9848381,2.1250083,0.794816,0.10642203,3.276054,1.9956214,3.7265973,1.842758,1.0561798,3.6082914,0.25191855,1.0604076,0.31908345,0.28300765,1.4370335,2.3700087,3.897529,0.0,0.6555429,0.07514416,2.4041266,0.44165695,1.7669272,1.0436611,0.24933602,2.2984648,0.0,1.7662332,0.0,0.0,0.028121302,1.2222955,0.0,0.0,0.0,1.4241604,2.3018265,0.0,5.1309605,4.349981,2.0010722,0.92461824,0.0,4.109733,1.0925845,2.2374494,0.0,0.22311781,1.9742625,2.571196,0.8810556,0.0,0.25950897,0.478708,0.0,0.6466829,2.9173272,0.55663276,2.0338142,1.8568306,2.191135,1.4737515,3.4057167,2.5895314,1.571051,0.7677295,0.0,1.0825632,1.6945151,1.782153,1.593047,0.52611417,0.5413928,0.0,1.0561925,1.7512261,0.0,0.0,0.6372633,3.4465237,2.2575428,1.6311353,1.4192355,1.470095,1.9506899,0.8325432,0.0,0.0,1.7542397,0.63848263,0.0,0.8028421,4.296113,1.1635281,2.2763975,0.67825145,0.0,5.2115064,1.2715725,0.0,1.796621,0.0,0.0,0.78248435,0.6430521,0.22591,2.4476354,3.6740906,0.0,0.12867527,2.3880658,0.5051013,3.5228405,1.269475,2.7674785,0.57413626,2.0808609,0.0,1.3009303,1.1374918,0.0,2.2395515,0.5757593,2.0652318,2.062149,1.8089788,0.9623113,2.1376743,0.0,2.3212686,2.990711,0.9159395,2.2219882,0.46044275,0.0,2.6398711,1.6539904,1.4510415,0.19668627,1.450536,0.21386486,1.8658481,0.0,0.1738333,1.114246,0.9627043,0.79630697,0.7336181,0.0,0.34116605,0.0,0.62446606,1.6991353,1.3005025,0.0,0.0,2.22328,1.2939422,0.6231264,0.21558952,0.0,0.0,1.3409888,0.38446468,2.504742,2.119486,0.8436308,2.6916428,0.0,1.9220941,1.4895816,1.84472,0.598827,0.21781969,0.0,1.0599113,3.0422049,0.32523096,3.1331694,0.0,0.0,3.042128,0.081593335,1.4150022,0.0,0.0,0.0,1.8399507,0.31664085,0.0,1.6023611,0.5228723,3.2068143,1.0376747,4.4025087,0.0
posterovemtral putamen,2.0522814,0.0,2.4872293,2.000484,2.765284,5.4141293,0.0,4.661882,2.9718735,0.0,0.36010504,3.5022001,1.539576,2.2818546,1.6650406,0.63630116,0.0,4.400367,0.5408191,1.7349911,2.6415043,0.55085427,1.4721286,1.7038378,0.0,0.57089645,0.0,1.5945772,3.7124994,1.7791262,1.8919096,1.755855,0.2706999,0.69046944,0.0,0.44212827,0.0,0.0,3.0436878,1.6059512,0.667902,0.4808103,2.077038,0.88140273,1.1036334,3.3853917,0.90905297,0.0,2.7637672,0.5818787,0.0,1.9891038,1.9730092,2.226884,1.6524085,0.0,1.7633291,1.7488333,1.7119607,1.4515471,0.9880897,2.221607,1.0648774,1.9579651,2.317442,2.3183842,0.72307676,2.6958623,0.5086648,1.3197038,0.0,2.2098048,0.0,0.0,0.0,0.0,0.5109207,2.826493,3.0438223,1.171242,2.7004595,1.7654148,3.275553,3.3280914,0.5849438,2.6581688,0.43480313,2.7242742,0.0,0.45474982,1.4452343,0.0,1.3649677,0.9175776,0.0,0.0,2.7041457,1.5230473,0.29156265,2.2194886,3.3981993,3.278767,1.0449553,0.76994145,1.8789955,2.767972,1.15036,0.0,1.7050804,0.0,0.8588996,1.9861821,0.0,0.0,1.0893896,0.785716,0.7282558,1.6065516,3.4990504,0.0,3.0633376,0.0,0.92929256,1.060241,2.108096,1.6804509,0.0,0.0,0.15907747,3.4117048,0.0,4.080897,1.8245972,2.0471725,2.602312,0.6742467,1.7033515,2.9845932,4.3684196,1.4612772,0.0,0.94505394,1.1829957,1.8576281,1.4056739,0.4719224,1.6430831,0.38748276,0.3014439,1.7841928,0.0,2.7890716,3.0429451,3.7142036,1.8132133,0.0,0.8665103,1.194193,1.5330961,0.0,1.6887164,0.11838544,3.44082,1.818268,3.50823,0.5045933,1.5448344,4.0171547,0.8041817,1.6421962,2.709178,2.8902254,0.2127818,0.0,1.0390089,2.108529,2.0181572,0.0,2.0468998,2.195777,1.3876991,0.3024963,2.392041,1.7134322,3.1310544,0.8492867,0.0,0.6033066,0.0,5.4558415,0.0,0.5957974,4.189031,0.3325287,2.9713995,1.3039829,1.5079224,3.477582,0.12807898,0.6612805,1.0145818,0.0,0.0,1.810165,1.0501106,1.1175786,3.5780418,2.0257368,2.237987,2.7283905,4.3936343,4.404253,1.4051579,0.0,1.2882975,1.7457024,0.7160756,2.745994,0.0,2.1980674,0.71943146,4.129255,0.0,0.30527657,0.0,2.8979008,0.0,1.4050401,2.7174692,2.2815623,3.3699055,1.9724985,4.07491,2.698823,0.2455273,1.3927262,2.076794,2.3567677,0.98796636,0.48615482,2.9878075,0.0,0.0,0.8938097,3.0694838,1.7735695,1.6432217,5.271629,0.22980377,1.097638,1.2178681,4.3001003,2.4401734,3.0113122,1.3780856,1.7419233,1.0383439,0.67089176,2.6684349,0.0,1.7632843,1.7657515,3.176743,0.8969541,2.0702121,4.510586,1.5746192,0.0,0.70013326,1.1414006,1.7433212,0.6098605,2.101412,0.0,2.41114,0.0,0.97000724,1.2059066,0.47416666,2.763106,2.5912647,0.0,1.7357594,1.798769,0.3367225,3.74631,0.0,2.0270884,1.2839243,0.50460434,0.6732421,1.782168,0.8559243,1.5295328,0.0,0.0,1.9131079,0.4347537,0.0,4.161175,0.0,1.3356761,0.0,0.11669949,3.0192628,0.50559425,0.8953861,4.4481354,1.1699394,1.6932064,3.4685614,0.0,0.5015881,1.4282942,3.1296346,1.170576,1.3405998,0.206333,0.20067893,1.872368,3.3232965,0.09406905,0.8291291,0.7632304,0.0,1.9807848,0.0,0.0,2.2276878,0.86114,0.0,1.7380308,0.0,1.2773335,0.0,1.1439083,0.13396038,0.0,1.9114231,1.8502512,1.2763234,0.098873824,3.0968268,2.4809635,0.5166855,0.0,1.9899065,1.9623494,1.4538994,1.7579818,0.0,1.2838955,1.2231107,1.9004374,2.8769662,0.0,0.31601304,0.0,1.2929353,0.2488071,0.6191534,1.5291078,0.44290555,2.0276966,2.7414403,3.6100883,4.1933646,2.7863793,1.2996747,4.6445394,0.7097858,2.3259258,3.393383,0.36959308,2.3871024,0.12720364,2.5795896,0.0,0.0,2.5662115,1.4095664,0.0,2.2070246,2.5965226,0.33040947,1.4345447,5.852761,2.0574558,3.472941,1.7657752,0.83090127,0.0,0.13127665,0.0,0.0,0.95856565,3.6298203,3.1834056,4.307734,2.0793767,1.3585968,2.0774744,0.00037996285,0.09524621,0.8219747,0.0,0.5366881,0.0,0.94622815,1.872572,2.5147476,1.7402401,3.5127375,0.6831496,1.0734115,0.8006854,2.6053162,2.5667024,2.574526,0.05433919,2.3147438,0.0,0.48088557,0.0,0.4901659,1.5238445,1.9499799,1.203066,3.0609217,0.96408683,0.22845675,2.3622615,0.0,1.5646003,2.2254384,0.7190479,1.8484814,1.6554607,0.0,0.47118586,2.564039,0.0,0.0,0.0,3.6836245,0.017386297,0.52646464,1.4531531,2.1736338,1.9957196,0.5249565,2.5624044,0.2275683,1.663753,0.0,2.3492496,3.145238,3.9185297,0.0,1.7320513,1.4966424,1.1796983,1.9534757,0.43430573,0.461112,0.0,1.6646869,0.0,4.7012258,1.224653,1.006009,1.77982,0.0,1.3801848,1.8243997,1.6576518,2.061179,0.10684061,1.0789421,2.2582502,0.95822376,0.5927245,2.887446,0.0,0.0,0.0,2.1177263,1.8057965,0.0,0.08404996,0.0,2.980275,1.3723733,0.0,3.1583707,1.6035177,5.053347,0.28976515,2.3970015,0.0
nucleus accumbens,0.036443975,0.0,2.4975357,1.3128437,1.1466616,2.061963,0.0,1.3247172,1.293405,0.0,1.1395713,1.1657127,0.42170566,1.0010659,1.4925375,0.0,0.023757633,4.4663215,0.3464563,1.8768872,2.6977289,1.2960078,1.5746844,0.4740675,0.0,0.7712371,0.029273476,2.3827689,1.0397859,0.8551233,2.7013848,0.0,0.060393,0.049885817,0.0,0.4007658,0.0,0.0,2.449593,1.467389,0.0,0.0,0.0,1.871224,0.9262033,0.41395912,0.0,0.0,2.6651092,0.9745738,0.059608504,2.4305296,0.27522838,1.4107224,2.1434054,0.0,0.0,0.63279843,0.0,0.23678468,0.0,0.24879633,0.97099495,0.7578808,1.6759017,0.6560234,0.0059460327,1.6473045,0.5622072,1.4955014,0.0,2.262636,0.0,0.9500525,0.0,0.0,0.8847385,3.48022,3.5125654,2.6078653,1.827741,0.6079308,0.9592587,2.7468634,0.34974948,2.5014215,1.5283452,1.3977408,0.0,1.6329846,1.8128699,0.0,0.8476935,2.2058566,0.9723476,0.0,2.1214051,1.969184,0.681927,1.2090036,0.6525291,0.957987,0.46084785,0.23361756,0.053556688,1.4183966,0.5490524,0.0,0.04048946,0.45682484,1.7220657,2.0207105,0.6071859,0.0,0.8041135,2.374615,0.0,0.85175455,2.2533858,0.0,2.0732577,0.75873315,1.2586105,0.45765358,3.4181283,0.7199696,0.0,1.0779386,0.0,3.2636883,0.0,1.8980815,0.57034206,2.172963,1.7853335,0.29216534,2.6211672,2.7239692,1.1411779,1.2286487,0.0,2.8526342,0.0,1.8273547,0.58558327,0.0,2.0384002,0.8887254,0.5590574,1.9487139,0.5080022,0.685623,2.4143715,1.5680354,1.8832773,0.0,0.69585,0.0,1.4590764,0.1700134,1.8055902,0.094941504,1.5085734,2.1446998,1.9836959,0.33050647,0.3838765,2.3725474,0.15969798,1.5774097,1.4613034,1.314289,1.0103966,0.43109506,0.4658384,1.9024225,0.9971192,0.0,0.39307258,0.36314744,0.3696513,0.0,2.5402715,1.265683,2.0237198,0.0,1.8428329,1.2599138,0.0,2.324799,0.0,0.0,1.8182058,0.065057874,2.035169,0.052916396,0.0,1.6307019,0.0,2.1042557,0.9093695,1.9343706,0.32065418,0.7937282,2.2399786,2.5234668,1.7517952,0.04485575,0.65201795,3.338045,3.2792113,0.86831105,1.2792535,0.0,0.15173125,0.6088393,1.5912637,0.0,1.7315537,0.060590304,0.7161746,1.8896489,0.1471651,0.0,0.0,1.5908692,1.2050526,1.8052746,1.0732608,0.0,2.2937183,0.056194507,2.7420423,1.2995803,1.2624182,1.1014785,0.0,2.967915,0.47249693,0.0,1.9323418,0.0,0.0,0.0,1.9534026,0.0,0.43402353,3.5769594,0.0,1.576677,0.0,3.3062258,1.6025392,1.1391565,0.7887743,0.0,0.0,0.05169462,0.89701575,0.0,0.7129605,0.8977273,1.279752,0.7897902,0.9552247,4.0910673,1.1842827,0.0,0.82435274,0.023338731,0.37228855,0.0,1.5780004,0.0,1.1432503,0.0,0.5381046,1.7624571,0.0,1.4989979,1.5507292,0.0,0.3704864,1.3504673,0.32369435,1.1471834,0.09883146,0.69135964,1.3437879,0.18291338,0.49322686,1.9032611,3.8407981,1.4677985,0.6861594,0.0,3.0929143,1.129073,0.0,1.7561612,0.0,0.8915356,0.059686888,0.027593048,1.8545072,1.2389677,0.22248936,3.4111078,0.0,0.0,3.0108922,1.3088144,1.1446204,1.7160445,3.1537335,1.5187936,0.8431342,0.91259575,1.7726303,1.8022546,1.2276359,1.2047913,0.2715403,0.35966712,0.0,1.0921218,0.4035826,0.9291275,2.1638846,0.65272194,0.0,0.0,0.0,1.324554,1.148596,0.8195016,0.024048552,0.0,0.0,0.5481817,0.58509344,0.4240529,2.3125935,0.79080313,0.72387505,0.0,2.6416266,1.0222787,0.72484285,2.1194854,0.23565726,2.6300051,0.066742174,0.9879105,2.9388916,0.0,0.084375255,0.0,0.9856985,0.4183053,0.0,1.6217047,0.15056077,0.87548214,1.5981874,3.1604395,1.6170671,1.1880426,0.10938479,3.097687,2.2462983,1.739474,1.8736767,1.6247128,0.54509264,0.0,1.5854127,0.0,0.9909018,2.2427726,0.8693172,0.0,1.4214692,1.050765,0.0,0.20419772,3.2235427,0.009533967,2.45026,2.1063654,0.76529264,0.0,0.0,1.2553691,0.0,0.2960726,0.9449319,1.9269592,1.3583913,1.902761,1.2299625,0.0,0.0,0.085685834,1.2088788,0.0,1.6741099,0.0,1.5744659,3.2503717,1.2380269,0.0,0.4085093,1.1136438,0.023845294,0.09619331,0.7789619,2.09785,2.2691426,0.25207266,1.8317745,0.0,0.0,0.0,1.7569234,1.3608166,2.072917,1.278854,4.340598,0.045033924,0.73627186,1.6929942,0.74973553,0.38235182,3.6034875,0.31537274,1.4206502,2.6049435,0.0,0.0,0.22091427,1.3543698,0.030016365,0.23197237,1.6044338,0.0,0.5804457,0.83079976,0.0,1.4781516,0.0,1.7196839,1.4946946,3.342791,0.0,1.292887,1.8593054,2.4910257,0.0,1.6818378,1.3074472,0.0,1.8633193,1.0051618,0.0,0.0,1.1188614,0.0,1.1020384,0.4709152,2.4304178,0.34238297,0.0,1.249483,1.4983219,2.081531,1.3301934,0.32790965,0.0,1.2392429,1.8465074,0.06232641,0.96025825,0.0,2.1363769,0.0,0.33020866,1.2074848,0.065333396,1.1029054,0.0,0.52035064,1.6443369,1.0113719,1.3134168,1.7015831,4.6710343,0.49319044,1.0105006,0.0
external segment of globus pallidus,0.0,1.8911824,2.3505063,1.9723407,2.4517193,1.930385,0.0,1.5755069,0.3366829,0.0,1.8155396,1.9864132,0.5783409,2.6632984,1.7970068,0.0,0.026531782,3.2547777,1.0698754,0.18546337,1.3220135,0.39749366,0.0,0.0,0.114686795,1.2070179,0.30803335,2.3121555,2.070033,1.4451299,1.9652853,1.464655,1.5930928,0.0,0.0,0.0,0.0,0.7162668,1.7892687,0.1647212,0.0,0.22974151,0.0,1.5688713,0.6742731,1.4516364,0.45901155,0.18410331,2.6045792,2.0006075,0.0,1.32159,0.79866284,2.396835,1.8801142,0.0,0.278025,0.0,0.3764047,0.0,0.0,1.5906249,0.65806323,1.3688626,0.46505797,1.9217784,0.0,0.5472639,0.28656608,0.0,3.3485525,2.2668943,0.0,0.0,0.0,0.0,2.2640738,0.47327778,4.0149684,1.2012125,2.2054079,1.3804388,1.3385553,2.4385362,0.23365135,2.9204094,0.0,2.7500198,0.0,1.0355031,0.92711323,0.0,1.1160411,1.71242,1.0300114,0.0,2.348692,1.6729051,2.43012,0.0,0.8727059,1.4759059,0.77953714,0.50652057,1.0147277,2.8027143,1.9956146,0.0,1.0381031,2.5690324,1.6614062,0.50225586,0.0,0.0,1.3269686,2.0676527,0.15663426,0.0,0.65390056,0.0,1.5515815,0.6649622,1.303904,1.9755049,0.0,1.1429636,0.0,2.0622654,0.6425336,1.3812108,1.1858548,1.5141901,0.0,1.7353878,0.7005336,0.0,0.0,3.5604403,2.3578625,0.0,0.0,0.9900727,0.0,0.84965664,1.5136248,1.0301796,1.5159178,0.0,0.5349569,3.35931,0.45125413,0.6102618,0.17984502,1.0732415,0.77493954,0.43895972,0.0,0.0,0.5067709,0.0,0.86027044,0.29447198,0.9314016,3.6885352,0.83939624,0.14710656,0.5114528,1.0240111,1.0941765,2.516908,0.0,1.5541755,0.12175377,0.066044435,0.9336191,0.9928402,2.1131907,0.0,1.079984,3.5454488,0.76425356,0.0,3.853713,1.135736,0.58434105,0.0,0.0,1.4857289,0.3156432,1.3172803,0.0,0.85919,0.4617945,0.6420025,2.347268,0.27213624,0.0,2.8104954,0.0,1.5804011,0.5433455,0.0,0.0,1.6860818,0.15253815,0.9616505,0.4638106,0.21685603,1.7563682,1.5885582,1.2882673,0.6288585,1.3167968,0.0,0.4863019,0.0,2.1179862,0.24819845,0.93470675,0.0,2.2852743,2.5685716,0.3910342,1.1144128,1.1961744,1.4984485,0.0,0.7113224,1.2441418,0.29726395,0.0,1.5653763,1.3602946,3.5719538,0.0,0.0,0.30527428,1.3599138,0.0,0.0,1.8153208,0.0,0.0,0.0,1.3588765,0.5987881,0.4950597,4.2666054,1.0265146,0.0,0.7804798,1.4663204,0.23785943,3.1320431,0.0,0.0,0.11024819,2.4004738,1.9627284,0.0,0.9954417,2.0560021,0.47304335,1.0602778,0.36081228,2.0238795,0.36024737,0.0,0.0,2.1206446,0.0,0.0,2.2229037,0.0,1.9622898,0.0,1.2388983,1.2037698,0.72521603,0.12879126,2.466364,0.0,0.0,1.8526243,0.0,3.245355,0.0,2.142604,0.0,2.058033,0.58641,0.64197826,1.5806971,2.4731433,1.8940736,0.0,1.8066897,0.009010782,0.48085186,1.1507466,0.0,2.5624285,0.3676597,1.1109682,0.30014655,0.48558816,1.801639,1.5046005,1.6596384,1.2813146,2.8823426,1.5838139,0.86366427,3.318991,0.025568955,0.6134363,1.4834206,1.1234733,0.48020124,2.2812467,1.981739,0.0,0.37516934,0.0,1.6952404,0.0,0.6209473,0.7625953,0.72782904,1.7346154,0.0,0.0,0.74686635,0.5091811,0.0,0.8068695,0.0,0.0,0.0,0.5175991,1.071219,0.5919719,4.040066,3.120968,0.020022877,0.0,0.6555294,2.9608417,1.7217602,2.3724031,0.75054604,0.0,0.8027364,3.3638499,1.8335009,0.0,0.0,0.3983648,0.0,1.2554725,0.36127597,1.5741575,1.138158,0.7782877,2.3596983,1.6247382,2.3684738,4.234232,0.0,1.2807742,2.406753,1.2385607,2.074706,0.6918511,1.3879766,0.27048057,0.0,0.0,1.8545803,2.864114,0.48220262,0.14754014,0.6344819,2.0861535,0.0,0.82779473,1.7928087,1.6515723,3.1905515,0.0,0.5956922,0.0,0.22587065,0.30106038,0.0,0.0,2.9630961,1.6294135,2.2722492,1.1460726,0.061537698,3.1106756,0.10511254,0.14120252,3.3358157,0.0,0.0,0.72325,1.466808,1.1381649,0.7667572,2.5050669,0.0,0.6691257,1.413729,0.0,2.2210124,2.3326828,2.3620915,0.0,0.7670104,0.0,0.55269414,1.391225,1.2376354,1.6911609,0.942668,1.1630887,3.31543,0.70953923,0.7191669,1.9250475,0.0,2.2595,3.1442811,0.7420894,1.9050891,1.1897522,0.0,2.2928607,0.43616048,1.911021,0.0,0.7105865,0.3476342,1.0223752,0.64456433,0.0,0.0,0.20077777,0.20644444,0.4109956,0.0,1.9664365,0.0,1.0407265,1.4855493,1.3618485,0.0,2.653662,1.2933244,0.0,1.0555859,1.4350878,0.0,0.0,2.0540576,0.0,0.8388821,1.7208622,2.865491,3.319552,0.0,1.1402566,1.6219862,3.062661,0.25120398,0.1358265,0.0,0.08655891,0.49062178,0.0,1.6645627,0.0,1.3139013,0.2638121,0.7397031,0.8846004,0.08879253,0.0,0.0,1.2633343,1.6753166,1.3694408,1.9026883,1.164064,2.9602394,1.0085636,4.092927,0.0
internal segment of globus pallidus,0.0,2.2181194,3.758032,0.8317013,1.6467009,1.2002562,0.0,1.0451311,0.2026213,0.0,1.5068405,2.319772,0.60709953,3.8926857,2.6423614,0.0,1.335846,3.5081751,0.25338826,0.0,0.62268317,0.35746747,0.133446,0.0,1.2049785,2.4219248,0.0,0.85840595,2.647478,1.976145,3.6024175,1.4728848,1.5115745,0.7733103,0.3299698,0.69054663,0.0,0.0,2.596511,0.0,0.87951916,1.1330377,0.0,1.3965851,1.2043318,1.5890777,0.0,1.3645905,1.8102893,0.73534596,0.0,0.7596424,0.5218294,1.177661,2.594845,0.0,0.0,1.007023,0.0,0.4986937,0.30824456,1.7261881,2.1481206,1.4766325,2.7091906,2.4516864,0.5475151,3.3618343,0.0,0.0,2.284583,1.9358377,0.0,0.82075566,1.088391,0.0,1.222042,1.7724268,4.2638535,1.6430134,2.292226,0.0,0.17563084,1.8997219,0.0,2.7246797,2.469602,2.4013681,0.0154382475,0.34619147,0.6783904,0.0,1.1722375,3.4625025,0.07910532,0.29783475,1.6132796,1.7032913,1.5444179,0.0,2.0466146,1.52202,1.5587634,0.57448953,1.2309511,0.9424152,1.2796363,0.0,0.011624109,2.7223887,1.453749,1.7288095,0.0,0.0,1.2809036,1.4704798,0.0,0.19915323,0.60869604,0.0,2.0191426,1.6764683,1.651627,2.3379858,0.5614456,0.6441105,0.0,2.3823771,0.33349115,2.5220234,0.97114885,0.8480731,0.8917484,2.0242286,2.7932386,0.11670723,1.2612766,1.3200058,1.8285328,0.033316806,0.0,2.4356005,0.0,0.38431832,0.56786585,0.4067726,0.11987978,0.0,0.5915008,4.5577016,2.9269838,0.31322172,0.03131883,0.111075446,2.327822,0.58104813,0.0,0.12804802,2.0218625,0.0,1.311294,1.4892039,1.0202234,3.3957703,1.2175361,0.0,0.47786313,0.9894168,0.55242,0.93283755,0.33707747,2.271243,1.0640668,0.0,2.2130172,0.0,2.0590801,0.0,0.0,2.7679443,1.3192021,0.0,3.5578897,1.5685213,0.0,0.0,0.0,1.8870318,0.5099843,0.92743295,0.0,0.21359605,1.0041586,0.47776636,2.2925916,0.0,0.0,1.6194729,0.17304428,2.7686563,0.06924252,0.0,0.12427205,0.94669545,0.0,2.7044046,2.28157,0.0,1.1164854,2.404665,2.1009994,0.8936196,1.9183986,0.7540768,0.15370327,0.0,2.3542514,0.0,2.2204998,0.0,0.35357946,1.7561758,0.4093815,0.7026433,0.0,2.1177752,0.0,0.76879716,2.5005584,0.7506834,1.5707045,0.7545403,0.47164807,1.9027412,0.39823988,0.0,0.018226154,2.2211258,0.8731369,0.0,2.7366264,0.0,0.0,0.0,1.8893471,0.056095798,0.0030169068,2.96898,0.0,0.3746278,0.21972872,2.1659677,0.97636503,3.1559265,0.12499535,0.0,0.0,2.3815424,1.0920012,0.0,1.5739763,2.2214146,1.703538,2.2923586,0.20005158,2.5585847,0.84821117,0.0,0.037418887,1.5268213,1.7430947,0.0,2.8670125,0.0,0.59732574,0.0,1.5462943,0.7666225,0.3726602,0.27571458,2.705328,0.12814748,0.0,1.6577147,0.34715962,2.189554,0.0,1.3386339,0.0,1.651058,1.0600634,1.2037424,2.085836,2.1881764,3.4584625,0.0,2.259105,0.5474596,0.0,2.0565531,0.0,1.7641605,0.3674811,0.0,0.8636857,0.8262248,1.2857847,3.070639,0.0,0.5644298,3.612986,0.325507,1.7083273,2.8173747,0.47927302,1.6170261,2.6662188,2.1051323,1.1661283,1.438675,0.4383998,0.0,0.8736894,0.0,1.6924742,0.19188395,1.7497433,1.8245971,1.1078222,1.7899799,0.0,0.0,0.91182107,2.5223238,0.46088564,2.2613132,0.0,1.3453351,0.0,0.5402211,3.2381504,2.9001987,2.7710376,1.8800268,0.23264518,0.0,2.5516975,0.0,2.2946393,2.9283748,2.8492882,0.4393709,0.83250374,2.6348438,4.250858,0.0,1.2766569,0.0,0.04890063,0.6736981,0.0,1.7192618,0.12718053,0.87638617,1.1203771,3.2051966,3.1532915,2.7297113,0.058173914,1.1455345,3.5880601,0.9943308,2.0484462,0.0,0.0,0.18056098,0.0,0.0,1.8346417,2.4764376,0.5503558,0.3527655,0.22535025,2.2692587,0.0,0.12618165,1.6818324,2.5898077,3.502032,0.53322566,1.2384133,0.0,0.7248468,0.73490155,0.0,0.038685445,1.923675,1.8296074,2.1147351,1.8663722,1.2554972,1.4463768,1.7535896,1.4413939,3.7448075,0.0,0.21772791,0.0,1.5923197,2.1870334,0.2995572,1.3229517,0.0,0.86590475,1.6421211,0.0,1.1576854,0.98441184,1.762572,0.0,1.8662746,0.0,1.8209401,0.0,1.934305,0.508074,2.541954,0.6191381,3.8934867,0.08544221,1.6010538,1.8979293,0.8807411,0.72816485,3.0879295,0.0,0.93994075,2.193843,0.0,0.0,0.6423662,0.59359974,0.0,0.53555155,1.9875115,0.7020193,0.9152091,0.16248076,0.09562071,0.5274564,0.55432564,0.0,0.0,3.3320873,0.0,2.0693505,2.8406649,0.18642217,0.0,2.4767592,1.9286369,0.47476298,0.80464184,1.3266729,0.0,0.0,2.2186868,0.14110172,0.15238842,1.5457314,4.6960425,1.3252829,0.0,2.1431518,1.9343232,2.6707332,0.32944992,0.46309853,0.0,1.6160626,0.59417564,0.0,0.69136703,0.0,2.5915914,0.0,2.095771,0.20566754,0.101854324,1.196687,0.0,0.19078217,3.233476,0.71794003,1.1537943,3.885863,2.7949696,0.71175265,2.7372565,0.0
mPMtha,0.25622037,2.8210392,2.3897948,1.5056078,0.9105371,0.23629263,0.0,0.049574126,0.26161447,0.0,1.9181963,1.503346,2.4965575,2.0721238,2.0044088,0.0,1.0413532,1.3135436,0.27211362,1.2282358,0.701764,1.0776724,0.0,0.0,2.591896,1.4953135,0.0,0.03621632,2.0585468,1.4415152,1.5355176,2.4284625,2.6180198,1.8192606,0.62844986,0.0,0.0,1.0040234,1.6104513,0.0,0.80846775,2.443356,0.0,1.3058625,1.5258368,0.6761072,0.0,1.0766056,0.7885548,1.0485203,0.0,0.0,1.3751699,1.1948631,1.4376582,0.0,0.0,0.8044407,0.709798,1.1282009,0.2449024,1.1966292,0.7416433,0.92459786,1.614222,0.8857087,1.4298633,1.386733,0.6140523,0.0,2.7481039,0.37993938,0.0,1.3803538,2.1779416,0.0,1.8611516,0.3499222,2.701032,1.4845123,0.88115937,0.68572974,0.13086286,1.5465499,0.228397,1.2722666,1.6995968,1.5826839,1.4459856,0.68424916,0.38126963,0.31914884,1.3460662,1.6185524,0.02857551,0.8306503,0.0,1.3346559,1.0117503,0.0,1.2194698,1.0020257,1.5815556,1.3422499,1.3050251,0.9004073,1.8831925,0.0,0.0,2.5019722,0.7661917,1.2114141,0.20180959,0.36214536,1.1731853,0.7468259,0.41403985,0.5296146,0.08960461,1.526055,1.416121,2.1407065,1.1171335,3.2386162,0.011754982,1.2585517,0.0,1.825412,1.7885741,0.7921529,1.2259337,2.317833,0.46989176,1.8806057,0.60060364,0.99156606,0.67706317,1.2049731,0.36832178,0.0,0.0,1.5928153,0.0,0.55042386,0.7487304,1.3239046,0.5513834,0.0,1.02912,2.9614727,2.292879,0.5775534,0.0,0.117986515,1.8733373,0.69582176,0.054504074,0.0,2.4598732,0.077916645,0.8313052,0.9218483,0.0,2.3536446,0.0,0.0,0.124436215,0.9107039,1.0615628,0.0,0.6924126,1.4494666,1.8159786,0.0,0.9298103,0.0,0.5988039,0.47538036,0.0,2.7723043,0.8961456,0.0,1.3888327,0.23885322,0.0,0.0,0.0,0.7099374,0.8572204,0.09782046,0.11844982,0.0,0.7352937,0.765031,0.622136,0.47700137,0.0,0.57736266,2.4087052,0.49170712,0.32304823,0.015961263,0.29063317,0.622715,0.0,1.8471291,1.4297711,0.0,1.550595,1.3088495,0.7426843,0.7256021,1.365459,1.6427497,0.6925517,0.0,0.87296224,0.06395006,1.8877779,0.645795,0.0,0.99204034,0.19788788,0.6523076,1.2429179,1.6817142,0.0,0.52687997,0.17553528,1.6752298,0.0,1.3706172,0.14333995,0.9928546,0.0,0.0,0.64759505,2.1578643,1.0433584,0.22016275,0.5072317,0.0,0.3535801,0.48628476,1.0674546,0.085463,0.38714954,1.3198546,0.03866816,0.38467798,0.97094953,0.96961737,1.256392,1.7274836,0.8315044,0.0,1.0367975,3.138009,0.21690002,1.0143235,0.5543159,0.73078156,1.4160969,0.9094311,0.5026388,0.92059696,0.6540767,0.0,0.26916808,1.2467953,2.9881904,0.0,2.1342473,0.20316698,1.0094193,0.0,1.6959231,0.35605612,1.3216133,0.7011713,1.0980203,1.451697,0.08339525,0.17115372,0.0,1.3238614,0.0,1.9939867,0.3281072,2.7088442,1.8671961,0.386824,1.2412521,3.0502417,2.0354278,0.0,0.67311823,0.82315063,0.0,1.7482173,0.0,1.2158928,0.33411756,0.9863282,0.33661515,0.5117881,1.7348794,1.7456033,1.0986713,1.2115393,1.9662014,1.3043184,0.8973399,2.5168688,0.0,0.71920884,1.3214601,2.251847,2.068078,2.2911372,0.20389365,0.0,1.9397182,0.35971725,0.9989507,0.57986873,1.8847903,2.9072337,0.37839663,1.5533321,0.0,0.8160731,1.092606,1.4531739,1.1922363,2.136718,0.0,1.8866695,0.5532884,0.92587095,2.7904446,1.161175,3.0133262,2.2520213,1.1342466,0.9527874,0.5370047,0.7230434,1.6548363,1.9519143,1.9360642,0.0,1.9106933,2.1766396,2.65146,0.0,1.2472569,1.0729996,0.22853576,1.8203907,1.2431333,1.5644546,0.9458198,0.2395569,0.38927346,1.3984436,1.9242021,1.9347527,0.5303742,0.0,1.7081447,0.49243098,1.4616903,0.64422333,0.39967358,0.6213921,0.0,0.0,1.4380226,0.9140732,0.117769055,1.4054706,0.0,1.7773796,0.0,0.74332994,0.7984842,2.2282832,1.373736,0.0,0.5193598,0.0,1.8242731,1.4343334,0.0,1.330395,0.98964393,0.0,1.6326358,1.0109501,0.24814795,2.1007376,1.8925468,1.6272205,3.0849535,0.0,0.16288716,0.9669973,1.3637538,0.76317686,0.2164226,2.1192749,0.0,1.6711491,1.3754377,0.0,1.4481311,0.77928704,1.5892571,1.1742507,0.63268375,0.0,1.5207529,0.0,2.0587623,0.7266591,1.2053086,1.3732446,1.910202,0.9343664,1.5507709,0.33767238,0.7490719,1.8533503,1.456255,0.075403005,0.7607761,0.8829484,0.0,0.0,0.8348713,0.87231374,1.2877985,0.6029211,0.9281624,1.099041,0.1393106,0.48364466,0.5106646,0.67199767,0.9821384,0.09837492,0.0,1.0326725,0.0,2.028672,0.94156474,0.0,0.0,2.068108,0.9806487,0.7210411,0.6313968,1.3196828,0.0,0.0,1.3733139,1.2873095,0.0,2.1994288,2.1848302,2.4079664,0.0,1.2296883,1.2454128,2.297435,0.0,0.8301915,0.0,0.7880945,1.6033262,0.0,0.23452958,0.5831391,1.0811198,0.8550837,1.1243246,0.2755751,0.5506113,0.87997645,0.0,0.6362593,1.4729893,0.15942794,2.5676773,1.6634785,0.20953023,1.3058193,3.5465558,0.0
Stha,2.359382,3.2623928,0.9074693,0.41600037,0.3586228,0.30819577,0.0,0.0,0.6347962,0.0,0.0,0.1193914,1.8581862,1.7350367,0.86729676,0.0,0.99487954,0.0,0.7268686,0.60105664,1.542675,1.4723631,0.23045465,0.23624043,3.370625,0.060272895,0.0,0.0,1.070477,2.278671,0.5619005,2.4439557,2.5498836,1.8106734,0.8634024,0.20854259,0.0,0.0,1.1902536,0.0,0.3928335,2.4242463,0.0,2.0563314,1.1218431,0.76365376,1.3174912,1.4835324,1.6470525,1.232028,1.0446656,0.0,1.8432423,0.6953899,0.43457246,0.0,0.0,2.0643947,1.7466528,1.1111106,1.4741632,1.6913837,0.6687826,0.1875412,1.9074833,1.1270554,1.7766929,0.46288574,1.1574242,0.0,2.388761,0.2313495,0.0,1.3315831,3.3112237,0.0,2.6633854,0.0,0.12796779,0.63256395,0.0,1.4778532,0.22047785,0.74404514,0.0,1.7026435,2.4658177,1.9525176,2.5519428,1.4910896,0.0,1.1923054,0.9726262,0.0,0.7033534,1.9000044,0.0,0.0,2.0131109,0.0,1.1670376,1.1000321,1.6104136,1.4867603,0.9510858,1.146652,0.9559616,0.0,0.0,2.4502852,0.2687211,0.41800532,0.5259457,0.0,0.0037189499,0.63760424,1.6053138,0.92586863,0.62044805,3.3243206,1.3929284,1.4470367,0.5429548,2.9607,0.0,1.656108,0.0,1.0862122,2.4285524,0.74071896,0.73732734,2.8754854,2.0005145,0.35272294,0.46841258,1.5200636,0.8850779,1.194588,0.9114713,0.0,0.0,0.41786838,0.0,0.9442928,0.3463718,2.249511,0.7777564,0.054629054,0.623928,1.003625,2.1588337,1.2516996,0.8637057,0.0,1.2702136,0.8357079,0.0018750224,0.0,3.046276,1.6607757,1.6950539,1.902086,0.0,1.1181103,0.014013723,0.0,0.0,1.5181606,0.9595165,0.0,1.936915,2.2512484,1.3702375,0.0,0.6705487,0.0,0.0,0.8490868,0.0,2.5302634,1.3821763,0.0,2.118664,0.0,0.0,0.46474916,0.10983304,1.0610032,0.94471395,0.0,1.311283,0.0,0.27450174,0.98064005,0.0,1.566255,0.33640996,0.20726477,2.0935469,0.47231555,1.0167361,0.0,0.45173204,0.08509785,0.36850217,0.0,1.0458862,1.1186812,0.73272717,0.52218735,0.78198534,0.41601884,1.1032414,2.9274864,0.0,0.20736852,1.4446248,0.7491421,2.8692021,2.3559158,0.3887441,1.2596562,0.0,0.752238,2.941378,0.86170775,0.0,0.47489882,0.060619015,2.6998334,0.0,1.8402524,1.0411435,0.47186068,0.0,0.0,1.840499,0.7212359,2.4221013,0.6839035,0.6102214,0.0,1.2213023,1.7979593,0.30435103,0.24090439,0.99772054,0.1729869,0.29933894,0.038835555,0.0,0.33540606,1.9090829,1.0262733,1.253822,0.0,1.4368716,2.6530528,0.38498047,0.09308942,0.7197312,0.9741506,0.21196195,0.26690948,0.05111409,0.0,1.4432503,1.1140168,1.87465,1.1248683,2.4294503,1.0027081,2.1115959,1.6427978,2.731677,0.0,1.92796,0.35185093,1.8460883,0.36543638,1.611007,2.3520346,0.27382055,0.4519227,0.0,0.4577418,0.0,0.15235642,1.0292233,2.709104,1.6975737,0.0,1.4716543,2.9599574,1.3679339,0.0,0.366716,0.47196013,0.5655816,0.38237253,0.0,1.8042625,1.8593297,1.2476083,1.8966993,0.41489005,1.9344418,1.0669345,0.7741857,0.7676151,2.1292045,1.601708,0.7787228,1.1720035,0.0,0.4592542,1.6361998,3.5076265,2.5839543,2.2314036,0.0,0.0,2.4240596,1.6393147,1.3335328,0.95539623,2.8056,2.8610477,1.4078879,2.6078465,0.46486318,2.734268,0.9310535,1.5729733,1.073804,1.7099264,0.0,1.9235431,2.664093,0.48315957,3.742298,1.2427726,2.7594268,2.451533,0.8170822,1.1941282,0.63787663,0.0,0.07516751,0.50673974,0.76230323,0.0,2.3623776,0.2921455,1.4755694,0.0,2.2595465,0.78245986,0.0,2.1606276,0.69663954,1.5933386,1.5456995,0.0,0.0,0.0,0.0,1.4861468,0.820093,0.4309188,1.0154823,1.2560077,0.54305327,0.15388238,1.2132479,0.6239729,0.0,0.0,1.6233499,0.0,0.44898352,2.301063,0.30822128,1.9475454,0.0,1.5144364,0.0,2.0431905,0.2906507,0.041141707,1.0562764,0.0,2.2294612,1.5648674,0.0,1.6114058,0.30061743,0.8381641,1.4304321,1.2246046,0.0,1.2634307,1.2610564,1.4973735,2.1038525,0.19726436,0.49253008,1.8116004,1.3733476,0.0,1.4274191,1.9523817,2.300739,0.3429353,1.1787896,0.0,1.5293262,0.22220388,0.50216705,2.349061,1.3376255,0.0,1.1001632,0.0,2.241046,0.36833492,0.20567128,1.6780638,0.0771919,1.1246439,1.8564279,0.0,1.4068849,1.1894157,0.66059506,0.052208267,0.9811324,1.3942457,0.0,0.0,2.4971187,0.07884798,2.2020705,1.9354932,0.0,1.4987701,0.6890042,1.4511014,1.3756052,0.1423268,2.5245545,0.933567,0.0,1.0044221,0.0,0.8794701,0.2649565,0.0,0.5119917,1.6655142,0.15116023,2.90215,0.037958473,0.61548054,0.0,0.0,2.0015185,2.0756552,1.1817933,2.6551156,0.0,2.0656474,0.0,1.1299787,0.99875474,0.96905786,0.020782132,0.8991946,0.77517194,2.1805654,3.0382564,0.0,0.3666996,1.5539551,0.4615573,1.954445,0.049311817,0.0,1.0979099,1.5258828,0.0,1.6424044,1.5853132,1.4445484,2.7169192,2.4911828,0.0,1.0101542,3.281919,0.0
PPtha,1.6200753,3.761575,0.68903667,1.5982516,0.5765689,0.89024734,0.0,0.0,0.24040796,0.0,0.9005191,1.1000388,2.095321,2.0200133,1.0161219,0.0,1.2920454,0.43283758,0.82084066,2.0432868,0.39631525,1.8860334,0.39584658,0.9783985,3.0326588,0.0,0.0,0.0,1.6648357,2.6622415,0.90726477,2.646958,3.4258225,1.5113212,0.7776005,0.21479645,0.0,0.0,1.8773903,0.0,1.2780571,3.3308918,0.0,2.3023365,1.5362223,0.45153168,2.3017132,1.0838282,0.9255286,1.3479418,0.67637545,0.0,1.1799281,1.8325039,0.25904527,0.0,0.0,3.690033,1.7331398,1.0787264,2.1622696,0.61122817,0.62091404,0.56664777,2.3263614,1.005088,1.6845772,0.4348835,0.7659875,0.49340996,2.7841845,1.1312981,0.0,1.3047955,4.2726536,0.0,2.9160578,0.0,0.7369949,0.14693809,0.0,0.9074081,0.0,0.96563333,0.0,1.2187544,3.4680877,3.2764814,3.65862,1.6213429,0.0,2.2581322,2.1990402,0.41502434,0.40302548,2.3094559,0.0,0.41872776,1.6700405,0.0,1.0838629,1.6084402,1.831381,1.0928946,1.477553,1.6935341,1.3182361,0.0,0.0,3.0858104,0.08855534,0.2355649,1.9295915,0.5987147,0.1760293,0.4086006,1.9978338,1.6907741,0.7461067,3.595864,1.1847742,3.9958768,1.8478494,3.1064775,0.0,2.246053,0.0,1.2840303,2.1004896,1.2949529,0.32274798,1.2759795,1.3816248,1.2359929,0.1229552,1.3015846,1.0986454,1.7262195,0.97031194,0.0,0.0,0.35291648,0.0,1.4952718,0.6471237,3.1624446,1.6720428,2.2236245,0.86565524,1.9788322,2.2723174,1.5551085,0.35415173,0.25514296,0.8790438,0.770947,0.48933867,0.0,2.719406,2.0583086,1.4157408,2.0893774,0.0,1.8546683,0.21501432,0.0,0.7610383,0.0,1.0570672,0.0,1.2743064,3.324408,0.913984,0.0,0.5325417,0.0,0.0,2.0707815,0.0,2.6798096,1.0384274,0.0,1.9339759,0.099247225,0.22083652,1.0484548,0.8138747,2.2416627,2.19058,0.0,0.52207476,0.0,1.0515379,1.4653867,0.3762893,1.9937035,0.37556252,0.0,4.0766244,0.44765124,0.48902053,0.08821002,0.24506338,0.110194445,0.0,0.0,1.5407294,0.80163914,1.2675984,0.2376019,0.019919079,0.543908,1.2645926,3.2963815,0.60571915,0.5380045,0.7663182,0.7494686,2.5144079,3.1334927,0.015086023,0.0,0.0,0.78457916,3.1700768,1.1026536,0.12636863,1.0551524,0.0,1.9545138,0.0,1.6240039,1.1765578,0.4650618,0.0,0.21836057,1.4542582,1.1615981,1.8245285,0.9425573,1.4168856,0.0,0.81692624,3.3440309,0.86303014,0.012389485,0.54075885,0.5186897,0.0,0.0,0.0,0.10046214,2.0656536,2.6157959,2.275471,0.0,2.321185,3.1607587,1.5300405,0.41792998,1.0687984,1.4791813,1.0097177,0.9573961,0.20655024,0.0,1.3367058,1.7917762,2.2314627,0.7966689,4.004795,0.9119674,0.699881,0.96131665,2.3818243,0.0,2.161831,0.102008864,1.7564524,2.0491617,2.3031807,3.7123885,0.0,0.43138114,0.0,1.3016806,0.0,1.9607564,1.3556583,2.6210167,1.5829852,0.0,1.6348048,3.7010767,1.332762,0.0,0.10008921,0.24171798,0.0,1.1949794,0.0,1.2542138,2.3845918,0.91623867,1.706643,0.844025,2.2666264,0.0,0.69163394,1.8523569,1.4219345,2.401509,0.3515227,1.9456984,0.0,1.73005,0.945643,3.2173917,2.3605611,3.314866,0.0,0.0,2.000343,2.767817,1.2044283,2.3463323,4.2779527,4.2019715,2.1466684,3.083677,1.462786,1.9599807,1.2460235,1.6127797,1.3085643,1.8089526,0.0,1.6725969,2.3383613,0.8404335,3.278675,0.9273783,1.6917241,2.7068748,0.92713904,1.980035,0.5062221,0.0,0.0,2.1929393,0.7870272,0.0,2.9351473,1.2917173,0.9259556,0.0,2.3494809,0.06641971,0.0,2.1222522,0.39891097,1.6255184,3.46072,0.0,0.0,0.0,0.0,1.7089926,0.32402948,0.63393575,1.5794652,1.5548198,1.2110871,1.2648915,0.4679439,0.59908146,0.0,0.0,2.229582,0.0027804608,0.5159391,3.0202975,0.0,2.769191,0.18550472,2.0151365,0.21627551,2.1771753,0.6366057,0.5005681,0.5718249,0.0,2.9310172,1.1391357,0.0,1.1345636,1.6694001,0.22703274,1.4140558,0.0,0.0,1.4770678,2.6710885,1.6579682,3.4313734,0.8086527,0.59926975,1.2372677,1.8459716,0.0,1.2625327,1.9957931,2.5468628,0.24774398,1.9502077,0.0,2.308257,1.6242177,1.1027014,2.5751517,0.83308893,0.0,1.524725,0.0,1.4040232,1.1819623,1.3432034,1.487693,1.0529572,0.3270674,1.3802674,0.0,1.4299337,2.2575686,0.0,0.0,0.90156955,0.44085538,0.0,0.0,1.2498132,0.035401024,2.7655654,1.0149641,0.6265604,1.7689555,0.77771014,1.1611043,1.2745836,0.0,2.2603586,0.3125555,0.0,0.0,0.0,1.1576011,0.57620674,0.0,1.6057799,1.5265887,0.72802323,3.385326,0.0,0.27730373,0.0,0.0,1.7666671,3.255649,0.5738553,3.0947437,0.0,3.1707666,0.0,1.8768413,0.35170594,1.0750949,1.2992606,1.4216062,1.3574781,2.954245,2.8577857,0.10025809,0.99301124,1.3080822,0.6517375,2.3169527,0.027771266,0.0,1.7027977,1.0363636,0.0,2.906209,0.90528,1.3824666,2.7590292,2.5009713,0.0,0.21111855,2.774944,0.0
Otha,2.2245827,3.6039703,1.2798531,0.6755781,1.0933754,0.696328,0.0,0.0,0.2872304,0.0,2.6343255,0.82923824,1.5523446,0.35064197,1.0850267,0.0,0.5988125,0.4596178,1.5619323,2.2439141,0.5174118,0.88931227,0.7383675,0.88533556,2.308297,0.3872229,0.0,0.0,1.2030892,1.9713669,1.2463684,2.816698,2.6340795,0.60632044,2.2635539,0.13251647,0.0,0.0,2.6840925,0.0,2.0997634,3.973091,0.0,1.6998445,2.0110536,0.9608711,2.7844033,0.7437271,0.7672738,0.58350456,0.4469876,0.0,0.7400524,1.5201954,1.1171576,0.0,0.0,2.9675725,1.9077795,1.1022115,1.6215703,0.1479304,1.603594,0.911464,2.5094566,0.62292784,2.6281686,1.1474172,1.558355,2.288189,1.3576384,0.5678982,0.0,2.3797996,3.530354,0.0,2.8198946,0.45449573,1.0699247,0.36781555,0.0,1.7522194,0.30670398,0.17539808,0.0,0.5085845,3.5137365,2.8663678,2.6220965,2.1019852,0.0,1.8787189,1.6237582,0.9783734,0.5408646,1.0867267,0.0,1.0494249,1.9181126,0.24369867,0.82631236,1.5792329,1.8060167,2.103003,1.5090394,0.8667326,0.64438593,0.0,0.0,2.3943806,0.8031749,1.0294193,3.7878683,2.2433155,1.1559207,1.188294,2.332456,1.440039,1.2279779,3.2736833,1.7828906,4.1613564,2.2022903,2.9232795,1.3934022,1.9873775,0.0,1.6725122,1.046598,2.0255365,0.54139584,0.33470637,1.275163,1.811074,0.0,1.258711,2.6968198,0.39877495,1.6813482,0.0,0.0,1.1176465,0.0,0.8397188,0.35552892,1.7648395,2.0095289,3.2339985,0.94581085,0.712911,1.2358762,0.33541188,1.1093856,1.8631792,1.4945502,0.6223383,2.2193303,0.48706752,2.0640607,1.6222056,1.4382175,1.7666976,0.0,0.92185634,0.06349544,0.2788152,0.24167888,0.0,2.1140056,0.0,2.0223508,2.6790643,2.5144048,0.0,0.0,0.08474176,0.0,1.958787,0.0,1.5661364,1.1562728,0.0,0.17984192,0.08201153,0.56108683,0.63529706,1.3914806,1.3464143,2.121133,0.68799704,0.104362026,0.0,0.7546861,1.7813,0.84552413,0.7799798,1.103459,0.0,4.008834,0.9679069,1.8280593,1.187418,0.5415591,0.0,0.0,0.6862043,1.4427706,1.1886758,0.54927075,0.503014,0.7424068,1.7409693,1.4979085,3.2853038,2.2494407,1.4451141,0.95346016,1.0205941,2.5209587,3.5864975,0.0,0.0,0.0,0.093495645,3.054263,0.99747914,0.31503972,0.5867231,0.0,1.6563928,0.0,1.3313786,1.8592833,1.3088748,0.0,1.0466042,2.1406906,1.2435952,1.7562865,0.32461205,0.57700336,0.0,2.230135,3.4499803,0.5515445,0.0,1.5359921,0.08436528,0.0,0.3687465,0.0,0.7528681,2.8190148,3.2765381,3.1994278,0.0,2.3264174,1.6193666,1.8223515,0.656062,1.8716365,1.4466162,2.5952067,0.7743202,0.0,0.0,1.7826284,1.1942532,1.622861,0.5006199,4.3516054,1.263796,0.30475205,1.3980429,0.6130213,0.0,1.2901961,1.3832582,1.779481,2.5249012,2.6392584,3.775751,0.92640245,0.24109416,0.21165836,0.41752338,0.0,2.0546756,1.9333137,1.0452192,0.76184565,0.694885,1.6032063,3.1307352,1.5343897,0.0,1.2788604,1.3457645,0.5854467,2.3387272,0.0,0.5988887,1.9458059,0.1539531,1.5797614,0.32819426,1.074511,0.2505138,0.41574353,0.69168895,1.1576668,2.504658,0.7984559,1.995394,0.17746416,2.7546926,1.2490904,2.7347214,3.3388684,4.1368995,0.0,0.7631693,2.4088142,3.3875084,1.4625013,3.2876642,4.206405,4.105117,1.1670204,2.5722494,1.1738827,2.501208,0.75548714,1.2398168,2.4762945,1.0840644,0.0,1.2424563,3.2676988,1.9274038,2.4485037,1.3742353,0.9225977,1.836535,1.8636962,1.8678862,0.17488256,0.0,0.0,2.3971329,0.90434825,0.0,2.4243128,0.81100327,0.6621013,0.0,3.2087605,0.4356603,0.0,1.2858056,0.71048963,0.9239292,3.8388813,0.0,0.0,0.4349169,0.0,1.2975686,0.17863013,1.6719471,1.6254652,0.592271,0.35989922,2.2042618,0.88396287,1.2460779,0.0,0.0,2.1669858,0.0,1.1666268,3.1408265,0.0,1.9200783,0.38832006,0.7517461,0.78385484,1.788547,0.0,0.35710475,1.0634321,0.0,3.285241,1.0098966,0.0,2.940359,1.3706548,0.0,0.66034997,0.0,0.0,0.81217146,2.2055256,1.9276439,2.637889,1.7154486,0.5287189,1.271548,2.6409717,0.31740198,0.677238,1.0440996,2.810757,2.2980268,1.8782042,1.4561568,0.71669626,1.9342968,2.3459423,2.39097,1.0210508,0.0,0.8046789,0.0,1.2171123,1.2114086,2.7799735,1.4968475,0.5081066,0.84889835,0.8415254,0.0,0.93715304,3.318862,0.35209468,0.28717655,0.35868254,0.32906672,0.0,0.0,0.6520568,0.0,1.951492,0.53364336,1.5920199,1.5018408,0.43847197,0.98281103,0.9737504,0.3709639,2.7432473,0.47176516,0.119250216,0.0,0.0,1.4229712,0.6226998,0.0,1.984891,1.8889872,0.956979,4.523995,0.76124424,0.9232674,0.0,0.0,1.4424188,2.6088655,0.4769366,3.0224376,0.0,3.877707,0.0,2.2949963,0.0,0.2533756,0.8040838,2.163198,3.2402263,2.3813336,2.7935705,0.91921157,2.2001538,1.2363999,1.090432,2.0865564,0.0056903977,0.0,0.6262072,1.3280742,0.0,3.0659742,0.6064092,1.1271017,2.7994158,1.5284202,0.0,0.55648065,1.6354373,0.0
mPFtha,2.2966008,0.715081,1.0788339,0.4646605,1.123349,1.1433238,0.0,0.0,2.3342812,0.0,1.3876489,0.19034912,1.2341939,2.4787157,2.0338843,0.0,0.46952096,2.1584003,0.6889873,2.9530907,1.5073389,0.9398785,0.3099921,1.0452436,1.9420094,1.0842912,0.0,0.82579017,0.017914906,1.8892257,2.1884873,0.74492896,2.5206149,0.9478629,1.5058328,1.5610619,0.0,0.0,0.38381368,0.22220592,0.50246006,1.6328467,0.0,2.9956748,2.5822077,0.0,0.0,0.65903574,0.09551581,0.7451129,0.9596271,0.0,0.96300817,0.0,0.1440791,0.0,0.014621805,2.4730008,1.1479611,2.6970592,0.0,0.016546115,1.3535644,0.5062972,2.5741985,0.29791185,0.0,0.49148017,0.0,1.6913176,0.17204331,1.0868374,0.0,2.1486413,1.8019757,0.0,2.7404795,1.5304462,3.241952,1.0190823,0.16866158,0.11389685,0.2962365,2.4148045,0.0,2.0015812,5.0042405,1.9703552,3.090592,2.723381,0.0,0.5008137,0.1191078,3.0046227,0.68413097,1.2012144,0.0,0.5179175,1.614142,0.7535083,0.60874104,0.73705095,2.581669,1.0449401,0.79543287,0.7924814,0.91017884,0.0,0.0,2.8210711,0.7100507,2.275643,1.6451056,1.4957753,0.0,1.6604639,1.7972553,1.641472,0.16725248,2.0557606,2.6837413,2.8591785,1.1965135,2.2853365,0.97641885,0.0,0.0,1.1947075,0.8621565,0.523366,0.8662908,0.0,3.2977524,0.5875164,0.7115608,2.6785226,2.7554402,2.0773933,0.5716363,1.9436684,0.0,2.496567,0.0,1.078229,0.0,1.6616066,0.97624266,2.1969924,1.8908017,2.019263,3.2895157,0.5925952,2.1701035,0.41264817,1.0314205,0.2669275,1.6572367,0.7650398,0.9812843,0.39327964,1.9397926,0.6287232,0.0,0.77613616,0.7788796,1.5566248,0.33840936,0.11760984,0.0,0.19270751,3.4953856,0.9539467,1.5208628,0.0,0.0,1.5766058,0.8846338,0.011709336,0.0,0.0,2.058927,0.0,1.3741283,0.32658637,0.18381125,0.1676079,2.5558746,0.7284553,1.3898914,0.73813987,0.0,0.0,0.9946511,1.3833069,0.0,0.05746353,0.54405004,0.0,1.8620778,2.4053934,1.2237539,1.9958904,2.0725625,0.19043756,0.5044087,2.922862,1.7940773,1.0295126,1.3916575,2.258082,1.9959532,1.5422553,1.855765,0.5665937,1.0961542,0.0,1.9233818,0.0,1.855666,1.8064654,0.53540236,0.0,0.4757432,0.7223358,0.72488827,0.14777432,1.9930875,2.291257,0.0,0.0,0.77388066,0.13684751,0.02642009,0.2640777,1.0874765,1.4772439,0.5257806,3.602896,1.7527088,0.86268014,0.3394591,0.0,0.0,1.586286,0.94544387,0.0,1.163255,0.031443633,0.0,0.20890579,0.0,2.393658,1.7207824,0.27261728,1.5138429,0.0,2.0211,0.0,1.0146718,0.0,0.80373484,1.2838411,0.6993205,0.36152348,0.0,1.9289708,0.8927187,0.49760628,1.6836061,0.08264953,2.6304421,0.24999328,1.2814398,0.0,1.5145829,0.0,1.7827336,2.3924794,0.0,1.6085644,1.0017817,2.4846008,0.38362142,1.896908,0.18559554,0.68976235,0.38801065,0.49759305,1.5983993,2.0894153,2.317046,1.9662043,4.416499,2.4138465,0.9973608,0.0,2.981505,2.0236988,0.359252,1.1083448,0.0,2.2541995,1.8656263,0.0,2.1523538,1.6221255,1.1573911,1.0857536,0.17402966,0.5124481,0.95806944,2.606893,0.65815395,0.89562464,1.3990589,2.443491,0.0,2.8711882,2.315167,2.8859973,0.0,2.259707,2.5470464,2.63586,0.0,3.0393078,3.2607598,2.1247516,2.4952064,1.124106,0.19493097,0.8330497,0.31026116,1.689145,1.0341114,0.8058942,1.3224089,0.24753875,0.81090117,2.1600952,2.537083,1.7693212,1.4878756,0.0,0.07113267,1.5964087,1.9872189,0.0,0.31639674,2.3102145,0.0,2.7423067,0.8903488,0.0063916445,1.7673997,0.0,2.000608,1.0449127,0.39834648,0.8444,0.0,0.0,2.1079922,0.010291263,0.0,1.4951081,0.11532204,0.0,0.0,2.4355772,2.8766093,0.572217,2.3813992,3.496673,0.08926753,1.4400095,0.8658995,0.0,2.5177734,1.2159938,1.6234705,1.220008,0.0,1.5251539,0.06878556,0.0,1.2079604,0.3306174,1.2135102,2.1019588,1.8044797,0.97775173,1.2959865,1.9936291,0.0,3.37442,0.4484846,0.0,0.7296548,0.37276757,1.0332448,0.0,2.4855452,0.0,1.234584,0.91287154,2.6509857,0.8216821,3.1997912,2.3537323,1.6417545,0.0,0.0,1.164862,0.38674462,0.5353634,1.1443446,1.5506704,2.3665032,0.79921174,2.06064,0.0,1.0288198,0.0,1.6117852,0.7659894,1.4318484,0.60758054,1.5069045,0.6071039,1.519035,0.0,2.7486782,0.3485586,3.4275742,0.1631357,1.5701214,2.4547908,0.0,0.0,1.7622029,1.5403333,1.5457757,2.116497,2.8176777,1.7097669,0.90894276,2.5915806,0.0,3.4807315,0.7986035,2.95372,0.8049596,2.2483485,0.0,0.5567844,2.2706842,0.0,0.0,2.7604585,1.7518536,2.4255528,0.26602492,1.600752,0.0,0.0,0.44436198,2.0807006,0.34497046,1.4160502,0.95574915,0.0,0.0,0.9378431,0.45578188,0.49368647,0.37960228,1.523164,1.0061591,0.8451586,1.7710004,0.0,1.810994,0.0,2.413188,1.0242096,0.36563402,0.51276696,2.529691,2.4005082,0.0,1.0432181,1.835276,0.61095023,0.45714933,3.0406966,1.1727811,0.311609,0.3151616,0.0
lPFtha,1.0864828,2.430443,2.8414083,1.169982,1.3586612,0.8724259,0.0,0.0,1.0550014,0.0,0.42213547,0.44400945,2.116752,3.1661434,1.9238224,0.0,1.6860318,1.7417986,0.35126072,1.342901,0.86970663,1.4429313,0.0,0.0027603023,3.2327168,1.958321,0.0,0.12022865,0.8520724,1.558245,2.3126128,1.1771661,3.2567458,2.2889102,1.8679968,1.2394848,0.0,0.0,1.8016183,0.0,1.4206423,2.159782,0.0,2.8398473,2.346088,0.25109884,0.0,2.0363102,0.5940444,0.2699795,0.44281402,0.0,1.9336048,0.0,0.8555924,0.0,0.0,1.6921161,0.7579991,2.342403,0.6023947,0.45067167,2.1930153,0.73915434,2.956314,1.7976949,1.1677465,2.1459665,0.0,0.0,1.6971037,0.0,0.0,2.0496001,3.4003103,0.0,2.518993,1.3123343,2.7795672,1.7866673,0.8120867,0.08261371,0.0,2.0090833,0.0,1.4369209,4.4016438,1.6479908,2.6572661,1.2588127,0.37890637,1.1627467,0.8288138,2.5773158,0.09709549,1.223582,0.0,1.2427506,1.7317393,0.0,0.8066463,0.75690395,2.5729072,1.6445639,1.2537832,0.7041984,1.4700221,0.0,0.0,2.9223776,1.1350607,2.2236338,0.49870473,0.0,0.30535766,1.5686902,0.8271797,1.7906517,0.0,2.3505957,1.8671801,2.1678295,1.603962,3.1425245,0.3993258,0.6274517,0.0,1.7717085,1.2058572,1.1900492,0.5338891,0.9373982,2.4064636,0.7902535,1.7308941,2.1817908,2.2227051,0.6260899,0.3315224,0.75990885,0.0,2.7035065,0.0,0.80408174,0.049718153,1.3122436,0.6107965,0.14979708,1.1984063,2.882307,4.050454,0.3472122,0.73404115,0.0,2.534092,1.4362249,0.28412193,0.33627343,2.7584267,1.003544,1.9307014,1.2230372,0.0,1.5331478,0.33945388,0.74264747,0.17774302,1.0302777,0.120774835,0.0,2.6792552,1.8752418,2.1180475,0.0,1.4944022,0.0,0.53803,0.6104562,0.0,1.0882751,1.7724335,0.0,2.4591672,0.5370603,0.0,0.0,0.97734505,1.6686944,1.5259457,0.0,0.5195472,0.0,0.5336528,1.3040156,0.041962035,0.291604,0.0,0.39398545,2.06794,2.2816174,0.26340264,0.58605564,1.7672187,0.23508495,0.0,2.7835855,2.3094523,0.0,1.4176549,2.6578596,1.3627044,0.5775402,1.880665,1.8826479,0.8251715,0.0,2.0513148,0.0,3.2911835,1.286518,0.0,0.30091262,0.0,0.84660244,1.8739705,1.000226,0.68884194,1.4297003,0.26212087,1.3214757,1.1760293,1.5409265,0.0,0.31864044,0.00832865,0.0,0.6865384,3.371575,2.023851,0.09957054,1.2725632,0.0,0.2661033,0.6761226,1.2368833,0.0,0.21272911,0.36789826,0.0,0.33050925,0.0,2.138769,2.4446247,0.2999755,0.48043543,0.0,1.2532561,1.6317418,0.3942868,0.0,0.4843798,0.93708587,1.0507151,1.6527345,0.0,0.82798356,1.5273861,0.07322181,2.0463934,0.7382934,3.229915,0.031695493,2.3040931,0.0,2.0001295,0.0,2.4661608,0.71523,0.23866002,0.5844118,1.1157677,2.2758505,0.20606536,1.0117836,0.0,0.5025837,0.0,0.1408568,0.27686137,2.5714698,2.9341867,0.37115115,3.4242125,3.0765736,2.5574172,0.0,2.1573844,1.2313197,0.023644436,1.6577818,0.0,1.6231549,0.81933844,0.0,1.8903823,1.3866735,1.76565,2.5157263,1.0884312,0.5221969,2.5053675,1.9251451,0.79278344,1.8164111,0.63243383,2.3298383,0.9282771,3.2683313,2.7181137,2.145565,0.0,0.5348769,2.1130216,1.7395967,1.3798368,1.6336687,3.144394,3.0636582,1.3679042,1.9494312,0.107035354,0.36266264,1.11132,2.8948843,1.758478,2.9738195,0.0,1.7464778,0.8705209,1.662882,4.6255364,2.7451327,2.5874152,0.6809684,0.88581795,0.85763514,2.204117,0.0,1.5506293,2.6212828,1.5030406,0.85913485,1.9087783,1.1806642,3.3267262,0.0,2.2377005,1.1499547,0.23151907,1.5834833,0.29959124,1.1813974,0.8482826,0.073891506,0.0,1.922001,1.020792,0.25746992,0.0,0.91953695,3.1064365,0.8319257,1.7877835,0.77866346,0.0,1.6639282,0.0,0.0,2.5529518,0.6630678,0.53063637,2.3903823,0.0,2.3561187,0.0,0.3136281,0.7265645,2.095545,1.8925949,0.9810446,1.7807752,0.6880369,2.4982579,2.2960088,0.0,2.0724387,0.5509168,0.2227764,1.3570698,0.9985803,1.0999204,0.23771738,3.0385044,1.2038529,3.0618012,0.58362895,1.4972119,0.57411414,2.3628669,1.8655443,1.1468028,0.43448335,0.0,1.4433408,1.3897159,0.0,1.5046328,0.033936057,1.5198021,0.63414484,1.2829349,0.0,2.3466613,0.0,3.1466708,0.24075176,1.0920916,1.7592033,2.1866343,0.56351453,2.5998724,0.41264826,3.150939,0.12977655,2.6159742,0.0,1.4156756,2.0149698,0.0,0.0,1.6004745,0.6578143,1.833376,2.1127212,2.1217573,1.673104,1.052431,2.0620875,0.37744373,2.1852922,1.5704824,1.5008641,0.0,2.5719085,0.0,1.773614,1.22804,0.0,0.41379476,3.1392453,1.337443,1.9142853,0.4467654,1.8137412,0.0,0.0,1.3717688,2.291387,0.38916537,2.094586,1.8838253,0.1569366,0.0,1.9921544,1.633635,1.6914715,0.0,2.0238554,0.18131453,1.5023916,2.1216297,0.0,0.53279006,0.0,2.4643006,0.3365234,1.6189731,0.07747021,1.5190377,2.834179,0.0,0.59211546,2.9652061,0.8687322,1.4599779,3.4481027,0.8924673,0.73800516,2.2440512,0.0
rTtha,1.0786182,0.0,1.0125808,0.27309462,1.6609263,1.0205604,0.0,0.0,1.3286802,0.0,2.1756248,0.04672481,0.0,0.0,1.2108347,0.8011067,0.0,1.6010642,1.7305636,2.5981421,0.5767281,0.40638176,0.008354142,0.34770632,0.23659359,1.3714368,0.0,1.0098218,0.46688932,0.20304863,2.2333953,0.0,0.101310425,0.0,0.96238786,0.3410189,0.0,0.0,0.8006288,0.7586381,0.055002313,2.069719,0.09448677,0.8866516,2.0224874,0.0,0.21570311,0.0,0.2479441,0.28698176,0.18206504,0.33296207,0.47939357,0.0,0.123037234,0.0,0.24147306,0.9648645,1.3696015,2.8585184,0.0,0.2864328,1.1393085,0.099186555,0.8658019,0.0,0.9029927,1.2568243,0.26967716,3.181146,0.0,0.96123505,0.0,1.2181708,0.0,0.0,0.93040293,2.4127777,2.0483532,1.2952081,0.13700093,0.0,1.2161083,1.7566868,0.0,1.0977216,1.8152953,0.30470642,0.41621712,1.9375086,0.48343527,0.0,0.0,1.3258688,0.0,0.0,0.41261736,0.6282412,0.69393575,1.274391,0.0,0.0,0.0913572,0.72590965,0.0,0.7134924,0.45772955,0.0,0.069221765,1.0277469,0.7079331,1.7224327,1.5361005,1.8811853,0.6788521,1.3109664,0.65221447,1.5446094,0.18276018,0.29698563,0.49177426,0.58281666,0.0,1.5520389,1.9675504,0.0,0.0,0.45952505,0.0,0.0,0.18861239,0.0,1.4254762,1.0139654,0.0,2.259726,2.457436,0.20067376,1.9436522,2.3615167,0.61006874,2.335971,0.0,1.4031887,0.0,0.0,1.6325645,1.3656698,0.9478558,0.43805256,0.7599378,0.0,0.91166615,1.5815191,1.0042701,0.0,2.1668124,1.289933,0.0,0.28029096,0.6004872,0.0,0.27743536,0.07761722,0.14281715,1.7060359,0.10325885,0.18079865,0.60435724,0.36880115,1.8252572,0.0,2.5164819,0.0,0.0,2.0124474,0.56528896,0.0,0.0,0.0,1.8399838,0.0,0.0,0.21882659,1.241627,0.53070164,1.0753516,0.0,1.0038139,1.568842,0.0,0.0,0.29768687,1.0485541,0.0,0.0,1.3241229,0.0,0.40033388,1.6692339,0.9005217,1.3995119,1.3407496,0.7301553,0.54254377,1.7178575,1.0174516,1.0653284,0.4163583,1.8420614,1.6496905,2.1944978,1.4145029,0.0,1.8099297,0.4343616,0.47576016,0.0,0.5925172,1.7791879,0.22361037,0.0,0.43232676,0.0,0.22680497,0.18161249,1.3985323,1.5706831,0.13793842,0.58571744,1.8486369,0.0,0.74787,0.0,0.7698007,1.8116109,0.7834693,2.8273811,0.08223746,0.5777495,0.0,0.0,0.24216379,0.3746404,0.8381725,0.0,0.98775345,0.0,0.0,1.4339265,0.0,1.4958168,1.7689775,0.19872406,1.1588831,0.014361663,1.7743653,0.0,0.0956925,0.0,0.0,0.0,1.0081738,0.5603259,0.0,2.809968,0.46492025,0.0,0.40428844,0.3750444,1.6446627,0.08325834,1.0568962,0.0,0.061681435,0.0,0.6703523,2.154504,0.0,0.7951365,0.38717282,0.77335393,1.2661293,1.4607633,0.026083678,0.44070312,1.4292786,0.19603595,1.3834748,0.0,1.2269776,0.8741876,2.8867636,0.0,0.0,0.0,2.8901408,2.0985487,1.0895581,1.7663372,0.0,0.8289756,0.5728282,0.0,1.0810839,0.3667344,0.82199675,1.5205683,1.2937714,0.008638497,0.0,1.6364723,0.053414438,0.0,0.87352335,1.3954041,0.0,1.6064934,1.0892949,1.7906018,0.0,1.7614652,0.54511094,1.7812151,0.0,2.4070933,1.3387018,0.21456352,1.567132,0.0,0.0,0.10126355,0.0,0.38362843,1.1638725,0.0052429326,0.55322653,0.0,1.0287049,1.4382626,0.5165797,0.7323202,0.0,0.0,0.24859807,0.3481139,0.67226946,0.0,0.0,1.041162,0.0,2.3207626,0.013885355,0.0,1.4954845,0.0,1.3364763,0.17014417,1.1499176,0.0,0.1546206,0.20421065,1.7419434,0.0,0.0,1.454041,0.0,0.054974224,0.0,2.4165993,2.1441734,0.0795734,0.6707972,3.037839,0.8906556,1.2056642,0.84685224,0.0,0.7435598,1.6379923,2.0267987,0.0,0.10780275,0.0,0.0,0.0,1.1322447,0.0,0.42516613,1.512543,1.085998,0.5108393,1.1181519,0.8153089,0.0,3.5810025,0.16892143,0.0,0.49967983,0.087065026,1.3201437,0.0,0.4856839,0.0,0.500334,1.312493,1.6976806,0.44410425,1.784532,1.8688995,0.61150646,0.0,0.79683685,2.4849048,0.0,1.948159,0.13647248,0.7292076,1.4854187,0.0,0.4877236,0.0,0.38376325,0.0,0.60767454,1.1760929,1.5340847,0.42012286,1.4236909,0.41812882,0.0807801,0.0,0.42870715,0.9291167,2.0916789,1.0287275,0.74747926,1.8828088,0.0,0.0,0.40231878,1.0310872,0.0,1.0379719,2.5477173,0.516313,1.0665596,1.8565265,0.0,2.5004168,1.1307559,2.3963485,1.3313639,1.8194228,0.0,0.17985204,1.0706712,1.1303165,0.6744543,1.8292046,0.39218122,1.4384853,1.5944928,1.191613,0.0,0.0,0.0,1.2771826,0.5989345,0.44159532,0.09093658,0.0,0.0,0.17280602,0.65765524,0.1557231,0.027837116,2.039409,1.6829457,0.0,0.46997625,0.10932828,1.9302869,0.0,1.2160212,0.2067257,0.7172633,0.24878788,0.9525977,1.260607,0.0,0.0,0.0,0.0643937,0.29386985,0.2643064,1.9663857,1.6432797,0.0,0.0
cTtha,1.566098,2.3550346,1.0877078,1.1574178,1.494101,1.3689982,0.0,0.0,0.54860497,0.0,2.8346467,1.3485833,0.0,0.3927974,1.6277611,0.0,0.66780525,0.8187293,1.0367796,1.3754681,0.0,0.32461968,0.14376828,0.2684111,1.5249109,0.58787423,0.0,0.0,2.3210402,0.91355187,1.2985753,1.3094269,1.3245146,0.05818566,0.506762,0.51299775,0.0,0.0,0.9457817,0.0,0.49729234,3.3816822,0.0,1.2138946,1.2881196,0.58248925,2.1400099,0.13282761,0.3793655,1.0883118,0.7992464,0.0,0.722925,1.3290888,0.59809417,0.0,0.0,1.6810046,2.150148,2.2083251,0.8026119,0.6249231,1.8560232,0.9781423,0.04839045,0.11078842,1.5252877,0.21611494,1.3093628,2.2556245,0.7898748,0.8395814,0.0,0.32131186,2.1173358,0.0,0.9710955,0.09151071,1.5927652,0.0,0.05306741,0.41765726,0.0,0.0,0.0,0.44824266,1.276881,2.317927,2.5474665,1.9270903,0.0,0.98629886,1.334545,0.7279952,0.0,0.7901234,0.0,0.80862975,0.73807454,0.15949453,0.60622615,0.051494118,0.5883067,0.8416867,0.080860265,0.0,0.35722688,0.0,0.0,1.4544231,1.3942945,0.5419637,2.1697736,1.7775928,0.3629116,0.0,1.04921,1.8745407,0.0,2.9820333,1.3296454,3.5132957,0.52149856,1.9866184,0.4976746,0.6853485,0.0,1.3115994,0.3965159,0.46460804,1.0178468,0.0,0.8916944,0.0,0.0,2.1491826,1.4014318,0.41117787,1.5346357,0.56812465,0.0,0.7882379,0.0,0.49220678,0.76921374,1.1952314,2.5896282,1.3603774,0.0,1.3530185,1.327451,0.26965514,0.1926663,2.1537516,0.4540943,1.5209653,1.8713667,1.0403922,0.41485396,1.4171993,0.9152855,1.5806744,0.0,0.4662518,0.28664547,0.80694884,0.08530541,0.0,1.772327,0.0,0.5226495,0.98435086,1.0910965,0.0,0.0,0.6765793,0.0,0.7318353,0.0,1.0799325,1.9944915,0.008404905,0.0,0.0,0.77793086,0.38694608,0.0,1.2626778,1.7179471,0.07904458,0.5079651,0.0,0.42109478,1.9900771,0.1775802,1.0243312,0.41491523,0.0,2.7436922,1.3053691,1.3677319,0.0,0.8952527,0.0,0.0,0.7581957,0.0,1.1541355,0.50230217,0.8519255,0.0,2.0758653,2.4429379,2.2811108,1.9353027,0.9530976,0.0,0.6737126,2.643612,2.4025347,0.0,0.0,0.0,0.0,1.774517,0.35866266,0.0,0.5940595,0.0,1.2277044,0.85856754,1.6936868,1.0056733,0.924512,0.0,1.3584573,0.7149643,1.5643159,0.1451143,1.1041843,0.0,0.0,0.5318239,2.6131282,0.6019658,0.0,1.7211385,0.0,0.0,1.1168501,0.0,0.0,1.6814498,2.515817,1.4642481,0.053978696,3.194434,0.32488677,0.3418267,1.1487529,0.36553526,0.0,1.3536319,0.5931419,0.0,0.0,0.0,0.55069333,1.501178,1.4592314,3.1895666,1.6148359,0.0,0.0,0.20729496,0.0,1.4658315,1.6195121,0.039521392,1.0073633,2.1812558,2.2444103,0.69788444,0.0,0.0,1.2320294,0.0,1.8205372,1.5671948,0.8524232,1.0339376,0.0,1.7039857,1.3978046,0.24112014,0.0,1.2514704,0.9060392,1.2703248,1.1084728,0.0,0.32220182,1.8910215,0.24938186,1.2995845,0.9005452,1.7852921,0.0,1.8439606,1.6569841,0.06298763,0.9452952,0.26589102,0.0,0.0,1.7748597,0.13709846,2.797262,2.1240742,2.6801367,0.0,0.35474703,1.1977642,2.916677,1.4707158,1.551335,2.1919801,2.4777303,0.5649623,1.915201,1.0990417,1.2208179,0.12709515,0.0,1.6057103,0.33625567,0.29623193,0.73339844,1.3271143,0.61844754,2.1214955,1.4899383,0.079831734,0.6104279,0.45903867,1.7418376,0.32580987,0.0,0.8028324,2.3698611,0.018208576,0.0,1.3111123,0.72404915,0.937822,0.0,2.1247175,0.44937223,0.78762925,0.6208292,0.2494546,0.54812634,3.5613713,0.0,0.0,0.29496726,0.0,1.7126375,0.0,0.94279325,1.5628037,0.31621063,0.0802018,2.6438022,0.65856427,0.89005536,0.0,0.0,1.3676922,1.2904311,1.6055747,0.42416763,0.0,1.4030275,0.0,0.23181716,0.0,0.0,0.0,1.308788,0.0,0.0,3.209863,0.91011775,0.0,2.9181597,1.5051333,0.0,0.5452944,0.0,0.0,1.1353116,2.2856772,0.016321551,2.458481,1.8172345,0.0,0.6605332,1.7185605,0.0,0.38372004,0.50372446,1.7368728,2.632555,0.7686989,1.2958757,1.3728126,1.1794269,2.1101947,0.5800107,0.38990003,0.0,1.0557553,0.0,1.248291,1.3183603,1.9924685,1.9934826,1.3434649,0.0,0.0,0.0,0.0,3.0618534,0.52464706,0.70715284,0.0,1.3852814,0.0,0.0,0.761053,0.0,0.73292136,0.87373734,1.8405992,1.5101912,0.83202803,0.0,0.5798654,0.0,2.270515,0.0,0.7678268,0.0,0.0,1.4048239,0.53994817,0.0,2.7361622,2.181895,0.45042604,2.2126782,0.43837205,1.2951392,0.0,0.0,0.8389286,3.1398878,0.0,2.4493752,0.0,2.6769147,0.0,0.8820506,0.0,0.7866388,0.7992296,1.9474754,1.4864943,0.5282391,1.0239513,0.39040267,2.2028615,0.05755291,0.23981947,1.22467,0.2658473,0.0,1.0624415,1.50295,0.0,0.58877957,0.0,1.0558274,1.5040171,1.1902567,0.055690818,1.1704957,1.1550479,0.0
