index,1,2,3,4,5,6,7,8,9,10,11,12,13,14,15,16,17,18,19,20,21,22,23,24,25,26,27,28,29,30,31,32,33,34,35,36,37,38,39,40,41,42,43,44,45,46,47,48,49,50,51,52,53,54,55,56,57,58,59,60,61,62,63,64,65,66,67,68,69,70,71,72,73,74,75,76,77,78,79,80,81,82,83,84,85,86,87,88,89,90,91,92,93,94,95,96,97,98,99,100,101,102,103,104,105,106,107,108,109,110,111,112,113,114,115,116,117,118,119,120,121,122,123,124,125,126,127,128,129,130,131,132,133,134,135,136,137,138,139,140,141,142,143,144,145,146,147,148,149,150,151,152,153,154,155,156,157,158,159,160,161,162,163,164,165,166,167,168,169,170,171,172,173,174,175,176,177,178,179,180,181,182,183,184,185,186,187,188,189,190,191,192,193,194,195,196,197,198,199,200,201,202,203,204,205,206,207,208,209,210,211,212,213,214,215,216,217,218,219,220,221,222,223,224,225,226,227,228,229,230,231,232,233,234,235,236,237,238,239,240,241,242,243,244,245,246,247,248,249,250,251,252,253,254,255,256,257,258,259,260,261,262,263,264,265,266,267,268,269,270,271,272,273,274,275,276,277,278,279,280,281,282,283,284,285,286,287,288,289,290,291,292,293,294,295,296,297,298,299,300,301,302,303,304,305,306,307,308,309,310,311,312,313,314,315,316,317,318,319,320,321,322,323,324,325,326,327,328,329,330,331,332,333,334,335,336,337,338,339,340,341,342,343,344,345,346,347,348,349,350,351,352,353,354,355,356,357,358,359,360,361,362,363,364,365,366,367,368,369,370,371,372,373,374,375,376,377,378,379,380,381,382,383,384,385,386,387,388,389,390,391,392,393,394,395,396,397,398,399,400,401,402,403,404,405,406,407,408,409,410,411,412,413,414,415,416,417,418,419,420,421,422,423,424,425,426,427,428,429,430,431,432,433,434,435,436,437,438,439,440,441,442,443,444,445,446,447,448,449,450,451,452,453,454,455,456,457,458,459,460,461,462,463,464,465,466,467,468,469,470,471,472,473,474,475,476,477,478,479,480,481,482,483,484,485,486,487,488,489,490,491,492,493,494,495,496,497,498,499,500
LA,0.2799674,0.25394705,0.46406475,0.044414952,0.34332663,0.0,0.41398615,0.17503652,0.0,0.28325868,0.3830517,0.06288301,0.25646368,0.0,0.18144256,0.09178075,0.0,0.20502754,0.19247253,0.18886033,0.08550755,0.65612024,0.46052518,0.27373955,0.23505102,0.02431963,0.66162586,0.3141761,0.13284571,0.0,0.20596799,0.0,0.2689221,0.23595214,0.0,0.3610769,0.28036684,0.30606934,0.48879394,0.3978164,0.29549772,0.5187701,0.34461778,0.0,0.33402154,0.30252028,0.0,0.27703404,0.35170373,0.0,0.21766052,0.4576289,0.18382603,0.38368407,0.6471361,0.387076,0.0,0.0,0.4077524,0.38441205,0.0,0.19716291,0.14270438,0.0,0.78786135,0.26900572,0.25273034,0.2070458,0.3020987,0.16648531,0.8665437,0.12522213,0.345304,0.2929956,0.0070318375,0.5350454,0.4637705,0.5413147,0.30084535,0.30512667,0.33147997,0.118198775,0.1335948,0.2723091,0.0,0.33734515,0.11873062,0.5219709,0.42444307,0.13310812,0.507948,0.0,0.36483723,0.0,0.43039522,0.0,0.67871475,0.18557964,0.0,0.0784276,0.82981837,0.205319,0.0,0.72261286,0.52131593,0.34020555,0.40197968,0.0,0.03850421,0.36781368,0.31684783,0.0,0.0062720366,0.39118534,0.39484254,0.2588565,0.29828954,0.15479866,0.058404323,0.4782549,0.3875788,0.06912531,0.28180248,0.46212777,0.29437426,0.203376,0.29197302,0.26331362,0.07254023,0.20792699,0.6960365,0.59544104,0.16850564,0.18893307,0.1954223,0.31556755,0.01829442,0.0,0.3005832,0.062217735,0.36154693,0.59470165,0.0,0.5840157,0.14865226,0.12144752,0.0,0.0709722,0.32314953,0.621498,0.312416,0.1844362,0.27030635,0.41799355,0.24548264,0.16977555,0.42457736,0.32182524,0.14751962,0.3463794,0.07720562,0.0,0.47406158,0.36074322,0.5570101,0.30408677,0.111203,0.5302648,0.34586895,0.0,0.0,0.0,0.0,0.20136763,0.027136352,0.0,0.12167357,0.34712416,0.21214022,0.32015103,0.39739716,0.14473401,0.30754852,0.06562214,0.35533884,0.00047996268,0.38909626,0.15237573,0.13266547,0.23432086,0.06319526,0.0,0.13815464,0.32417363,0.08333734,0.18666962,0.0,0.1604116,0.6571943,0.17799568,0.12048899,0.4450866,0.20826861,0.0,0.0,0.057847135,0.15461156,0.19518448,0.355359,0.40563557,0.18266737,0.17951295,0.32542664,0.045247786,0.0,0.115254365,0.27165496,0.20897348,0.054485068,0.29588962,0.15626116,0.052256767,0.14458379,0.19400916,0.3219422,0.4385326,0.0,0.505054,0.0,0.50634736,0.34197643,0.2225563,0.0,0.78120786,0.0,0.21103509,0.5780641,0.56573856,0.11101936,0.52602065,0.0,0.0,0.1951643,0.5297864,0.1781968,0.45921192,0.2947906,0.49116743,0.109961376,0.06875111,0.17078757,0.0,0.0959466,0.0,0.0,0.1863547,0.15518387,0.47157374,0.17539689,0.0,0.16374093,0.25761285,0.37368128,0.20894174,0.40350962,0.0,0.17593306,0.5046698,0.25018772,0.09885119,0.15020573,0.0,0.0,0.47120893,0.28434852,0.09955773,0.019321851,0.19678809,0.22557074,0.5396318,0.34760693,0.3706812,0.46959454,0.4188833,0.109455936,0.04822169,0.49288538,0.40661547,0.29221547,0.14591376,0.17674424,0.040341087,0.25601605,0.33884436,0.5192296,0.0,0.33022258,0.30786046,0.40993068,0.025414415,0.29047742,0.44596294,0.23533648,0.3043017,0.23345307,0.07868749,0.020663625,0.24919368,0.0,0.2617927,0.37031263,0.3844338,0.36922997,0.0,0.41621,0.06556002,0.41899583,0.19755858,0.41572443,0.0,0.34225094,0.0,0.38363868,0.21605504,0.0,0.5089737,0.3391731,0.46370655,0.48501828,0.12615588,0.33211496,0.3868838,0.0,0.0,0.4602457,0.2415343,0.61127234,0.33124697,0.22421752,0.0,0.058439586,0.45119643,0.5593023,0.4113078,0.0,0.0,0.20700945,0.117531456,0.19667861,0.0,0.2018327,0.09479358,0.19545217,0.28376588,0.067248344,0.19708553,0.0,0.03503163,0.3424833,0.0631679,0.13462344,0.0,0.20093358,0.0,0.0,0.24744216,0.5108242,0.31153652,0.28762525,0.23127808,0.13032264,0.67826116,0.85088384,0.0,0.573839,0.18861794,0.36730897,0.17831063,0.48566943,0.20306833,0.19391406,0.26230946,0.0024645198,0.0,0.0,0.12179143,0.09433432,0.0,0.43809658,0.52142626,0.4334441,0.2899376,0.44486982,0.27080086,0.0,0.24344365,0.39652482,0.06760579,0.0,0.19272143,0.00056466693,0.0,0.0,0.027965944,0.054202754,0.0,0.1654108,0.020541603,0.30403998,0.33681592,0.115772024,0.31868783,0.71250314,0.38772088,0.3813942,0.33088607,0.0241538,0.41325033,0.31690785,0.18348996,0.0,0.3681252,0.47623312,0.23986796,0.2676883,0.08555221,0.5741804,0.4412504,0.6847372,0.30750394,0.6493281,0.2776648,0.24869436,0.10480586,0.46366635,0.4160974,0.31703973,0.18500453,0.4446247,0.0,0.10950996,0.3379896,0.8591355,0.41613,0.2926754,0.40003744,0.88787216,0.0,0.6282085,0.0,0.27639276,0.07511443,0.63934845,0.21682855,0.7941565,0.0,0.19191772,0.49569926,0.092868224,0.16190429,0.0,0.34789866,0.87710947,0.15960872,0.22407846,0.35992113,0.35118476,0.3252095,0.15133697,0.0,0.5567265,0.16333157,0.36205426,0.23994946,0.13520703,0.0,0.40644845,0.122751266,0.36203864,0.44387355,0.16408691,0.050974756,0.45776683,0.46438316,0.0,0.30836383,0.31795365,0.0,0.20596991,0.2028915,0.24175064,0.0,0.33061612,0.0,0.3366968,0.0,0.13291408,0.0,0.17433554,0.23192292
BLA,0.3661577,0.26185206,0.41374785,0.0,0.31090412,0.0,0.395662,0.22426115,0.0,0.2579063,0.38892823,0.09057092,0.325076,0.0,0.11557488,0.07878173,0.0,0.27001953,0.20387606,0.12277362,0.04204967,0.6951276,0.41558453,0.35592854,0.30844128,0.046648066,0.66150117,0.38285142,0.13424848,0.0,0.16583125,0.0,0.3257265,0.222493,0.01021198,0.3156462,0.2904851,0.41191444,0.53374445,0.34747016,0.46248013,0.6320146,0.44737953,0.0,0.33544397,0.3257758,0.0,0.25573877,0.36966497,0.0,0.28030878,0.4991452,0.13817988,0.41119787,0.71686983,0.44798648,0.0,0.0,0.4208017,0.38162303,0.0,0.16639449,0.17830832,0.0,0.87181705,0.29725817,0.23712984,0.15439275,0.2519488,0.14636418,0.82913864,0.20868754,0.28417873,0.31940708,0.09488011,0.58250594,0.40189227,0.579183,0.3899675,0.25937098,0.32727984,0.12699199,0.046918783,0.3543073,0.0,0.30867553,0.16236702,0.53154856,0.40528896,0.18185459,0.43427292,0.0,0.2632839,0.0,0.44630408,0.0,0.6824211,0.028069325,0.0,0.04376676,0.7487688,0.19617835,0.0059988312,0.794157,0.5526214,0.28120846,0.42162782,0.0,0.07616265,0.43828014,0.30603045,0.0,0.05913249,0.4372432,0.4060836,0.21822372,0.27656913,0.23025146,0.048304077,0.4631824,0.53454494,0.026027907,0.3031931,0.4650445,0.33042148,0.19147047,0.2563856,0.37806463,0.034891002,0.21913502,0.7258962,0.5741518,0.15830934,0.2077411,0.18672378,0.3857835,0.094037294,0.0,0.30006003,0.10091851,0.34650427,0.6204085,0.0,0.6272391,0.07744448,0.0,0.0,0.010753084,0.3459664,0.58369505,0.3033787,0.18284631,0.21872519,0.40643418,0.2591942,0.18808012,0.39058614,0.3129166,0.07614438,0.251235,0.15188035,0.0,0.40006232,0.34416276,0.60285467,0.42246836,0.02357227,0.48510042,0.27683327,0.0,0.0,0.0,0.0,0.16695689,0.0,0.0,0.16521047,0.43072596,0.17560954,0.31490472,0.44197026,0.14965543,0.28680485,0.01617243,0.39786065,0.041565992,0.4717642,0.16461739,0.08891273,0.18310094,0.048816048,0.0,0.17093328,0.2469655,0.13673812,0.18737492,0.0,0.11891925,0.68490636,0.22669525,0.114413485,0.3774535,0.13464698,0.0,0.0,0.045625776,0.090038925,0.24999909,0.38747454,0.39296386,0.24898407,0.21669325,0.37940967,0.11055198,0.0,0.19600505,0.1867754,0.1885395,0.08615031,0.2635777,0.18815282,0.0,0.19224517,0.14625701,0.35444638,0.41280252,0.0,0.46374005,0.0,0.45131752,0.3688397,0.26273894,0.0,0.84143114,0.0,0.15450335,0.53323567,0.5527385,0.19149432,0.38488296,0.0,0.0,0.14454588,0.45215118,0.18259716,0.4942053,0.3711915,0.50467944,0.12583739,0.062557384,0.202731,0.0,0.07583912,0.0,0.0,0.16502488,0.26826772,0.49097165,0.23506358,0.037108187,0.1150989,0.2880624,0.36994472,0.13076086,0.49254748,0.0,0.17909798,0.52860636,0.4063776,0.14704731,0.3063696,0.0,0.0,0.54828054,0.3513719,0.022875462,0.0,0.22910772,0.30192086,0.5001042,0.3697073,0.38909945,0.61556304,0.4432749,0.054193534,0.080270745,0.40828884,0.4186602,0.30059114,0.21876392,0.22263299,0.0,0.21537086,0.31238878,0.54691964,0.0,0.31951526,0.23783322,0.40483347,0.026330613,0.3265873,0.34362206,0.17827779,0.29947653,0.33714372,5.2620657e-05,0.09094001,0.34814584,0.0,0.31877807,0.25126612,0.34078363,0.4651315,0.0,0.41466638,0.074945614,0.4663684,0.111818284,0.4846719,0.0,0.4269003,0.0,0.39593843,0.3404831,0.0,0.42037866,0.42590344,0.41761443,0.46207866,0.023521833,0.26085725,0.4921084,0.0,0.0,0.53121084,0.13869661,0.60052896,0.31138593,0.100416526,0.0,0.10341258,0.38189572,0.5644893,0.35298455,0.0,0.0,0.22420342,0.17399634,0.20531896,0.0,0.07915388,0.057754703,0.16897264,0.27956313,0.12006212,0.13761151,0.035360582,0.06436403,0.35038912,0.17558073,0.21988924,0.0,0.09113322,0.0,0.0,0.2518674,0.3839647,0.2821166,0.29459867,0.17087291,0.25273085,0.6998126,0.91154295,0.0053762197,0.5386835,0.12588507,0.4235477,0.101666935,0.47390825,0.18624589,0.25104442,0.30194306,0.0,0.0,0.0,0.113847785,0.20139317,0.0,0.44297287,0.4156928,0.5131475,0.30661383,0.44333363,0.30686468,0.0,0.21768129,0.37035403,0.08699927,0.0,0.14117178,0.036412932,0.0,0.0,0.08346251,0.03517994,0.0,0.13559824,0.060604222,0.36260802,0.2323081,0.100666076,0.29606214,0.7356264,0.33176744,0.2684031,0.28022924,0.07961915,0.36484757,0.24297285,0.14419836,0.0,0.35038012,0.5686915,0.22774574,0.1574386,0.14536099,0.5180274,0.502262,0.72975796,0.21949242,0.7294723,0.23537333,0.26728404,0.030459678,0.4858301,0.44864607,0.3411603,0.23551919,0.4830267,0.0,0.098713934,0.37440318,0.9512548,0.38184425,0.24830462,0.38948524,0.8811781,0.0,0.5733815,0.0,0.3251433,0.0056678047,0.6945128,0.2970851,0.7148036,0.0,0.123155095,0.5600732,0.19680272,0.064307034,0.0,0.29960686,0.85672826,0.24212238,0.22707708,0.3272645,0.36440977,0.29637033,0.22830264,0.0,0.43091357,0.18128185,0.36018282,0.1585463,0.085098185,0.0,0.40770152,0.108134344,0.3349043,0.45965096,0.2692332,0.15590668,0.58736163,0.43364936,0.0,0.39134103,0.31022888,0.0,0.12481432,0.20381278,0.3397985,0.0,0.23700893,0.0,0.4293586,0.0,0.055321455,0.0,0.29427505,0.27394524
BMA,0.30348474,0.19944906,0.45191288,0.0,0.38195986,0.0,0.3746162,0.08011617,0.0,0.20532466,0.23510103,0.07707656,0.2398084,0.0,0.12960495,0.0,0.0,0.25793308,0.2776319,0.13206589,0.21155226,0.3693139,0.47068813,0.15636334,0.039995216,0.084389135,0.45981303,0.3138886,0.13591334,0.0,0.13797319,0.0,0.24440575,0.22600223,0.0,0.36838043,0.3278784,0.24384913,0.4548132,0.23646478,0.22318442,0.39149126,0.32475707,0.0,0.25171906,0.040793985,0.0,0.2643503,0.25207135,0.0,0.27646104,0.3732583,0.03761529,0.2711628,0.50370634,0.29176477,0.0,0.0,0.4263274,0.41447896,0.0,0.33072168,0.158658,0.0,0.5341919,0.25044322,0.06482491,0.25119168,0.11920178,0.16109696,0.70116234,0.017532688,0.269391,0.21895054,0.10742501,0.3684447,0.4170641,0.35438943,0.32433224,0.27030098,0.19819213,0.012424161,0.08876923,0.26596808,0.0472515,0.32046863,0.066409685,0.45495075,0.4745092,0.053814065,0.3492418,0.0,0.24351546,0.0,0.26328307,0.0,0.6444805,0.10343847,0.0,0.07665154,0.5409982,0.2027605,0.0,0.4482692,0.59206694,0.17827903,0.3563478,0.0,0.22471763,0.41410586,0.23887168,0.0,0.0,0.35820037,0.2297745,0.20536439,0.20894489,0.23828885,0.042675775,0.35779104,0.42562163,0.1083772,0.13890411,0.20711151,0.29335108,0.23542118,0.105812885,0.17815816,0.128192,0.27381143,0.62029797,0.60658634,0.059679143,0.11353257,0.25001997,0.21189322,0.03832147,0.026811674,0.119667396,0.06792313,0.17633708,0.329737,0.0,0.39783296,0.012092613,0.088421,0.0,0.08514444,0.37988442,0.44640633,0.31969255,0.0020799153,0.11279715,0.32433134,0.15247637,0.09622808,0.1739066,0.4326347,0.13993965,0.2881707,0.0,0.10724698,0.3468464,0.12758978,0.42347515,0.41222745,0.034754835,0.28025034,0.23681201,0.0,0.0,0.0,0.0,0.24768922,0.031985503,0.0,0.0,0.33620158,0.27832958,0.3401445,0.53346497,0.03225901,0.323328,0.0,0.33652514,0.0,0.34766126,0.2221708,0.024452768,0.04713103,0.095048785,0.018279845,0.10780927,0.26107594,0.12787208,0.13744968,0.0,0.1290168,0.43543863,0.28267333,0.008384824,0.35165298,0.11773128,0.0,0.0,0.11931192,0.2750989,0.22265993,0.2517666,0.3612515,0.17209503,0.2696228,0.24568725,0.0,0.0,0.07896377,0.26756436,0.27459592,0.0,0.1878468,0.017691324,0.012318525,0.14974119,0.21684252,0.28746226,0.19694602,0.0,0.31434345,0.0,0.25741094,0.2831798,0.31698385,0.0,0.50650465,0.0,0.037916034,0.4224892,0.32333326,0.14272727,0.49501672,0.0,0.0,0.37129816,0.32534575,0.2737096,0.23231666,0.32917127,0.3339615,0.12722586,0.30153224,0.08616678,0.0,0.08180354,0.0,0.0,0.16672766,0.2027507,0.3652512,0.28519675,0.09801391,0.121489786,0.23577487,0.1941495,0.1284073,0.3782813,0.0,0.2461792,0.35294685,0.060894683,0.058007885,0.11364842,0.0,0.0,0.31377348,0.3402431,0.1479096,0.03496383,0.17871334,0.32250744,0.41042733,0.3354349,0.35040015,0.3812001,0.25511602,0.049060825,0.07768287,0.42057943,0.35583708,0.23647669,0.06433272,0.19373691,0.032774866,0.26724902,0.30485868,0.3503585,0.0,0.090816535,0.13094689,0.2503934,0.0,0.39992642,0.20291647,0.18147051,0.37614456,0.2546112,0.18182634,0.15082958,0.2058997,0.0,0.16627629,0.30187577,0.29113394,0.4271301,0.0,0.4064798,0.0,0.2486787,0.047146004,0.49085227,0.0,0.35040614,0.0,0.33955318,0.23587196,0.0,0.24279433,0.3786009,0.17380479,0.32922456,0.19901857,0.30635488,0.503073,0.0,0.0,0.3945899,0.15030314,0.70601416,0.34917152,0.14179845,0.0,0.037700888,0.38789138,0.32342902,0.27295387,0.0,0.081100136,0.33242252,0.17079857,0.26903483,0.0,0.11189223,0.05457318,0.11574456,0.14643459,0.16155908,0.13836934,0.0,0.0,0.13596013,0.14231052,0.098006465,0.0,0.1663507,0.0,0.0,0.28332517,0.31515658,0.29721102,0.33903655,0.17711875,0.075085804,0.34744963,0.61977905,0.16121426,0.35657433,0.075488776,0.28131986,0.07835827,0.42861354,0.15322627,0.14116217,0.15000491,0.0,0.0,0.0,0.100759305,0.09750067,0.0,0.23367201,0.2572688,0.3911409,0.23869884,0.37156555,0.32842654,0.0,0.25174698,0.32312384,0.018546814,0.041055016,0.060871657,0.0,0.0,0.0,0.085579276,0.13727842,0.0,0.10378516,0.100220226,0.22805108,0.25691843,0.0833257,0.1356906,0.5220762,0.34990484,0.36820424,0.26502138,0.026224164,0.29771227,0.27396813,0.051361807,0.0,0.24662371,0.35963482,0.2609246,0.16939999,0.07600488,0.43972844,0.3489688,0.41879207,0.19411242,0.37183148,0.10487974,0.10121855,0.06007313,0.24531317,0.32219228,0.20413543,0.17738543,0.4630752,0.0,0.17261995,0.27903825,0.62432104,0.31665063,0.25359815,0.23091698,0.66999483,0.15171993,0.52855676,0.0,0.42941853,0.0,0.48359767,0.37108406,0.60866946,0.0,0.17609634,0.45443425,0.22524595,0.122870155,0.0,0.2685553,0.7367907,0.19076946,0.053530835,0.28325972,0.3752761,0.14636675,0.25136164,0.0,0.18483561,0.20393425,0.4006276,0.0,0.09645844,0.0,0.3309848,0.22377244,0.291372,0.3010852,0.22099419,0.1434884,0.44789875,0.4855761,0.0,0.20972428,0.21088439,0.055637527,0.11583297,0.23507622,0.24977526,0.0,0.16619134,0.0,0.22426508,0.0,0.002576001,0.0,0.17180899,0.10520697
PA,0.41499943,0.2815566,0.671236,0.0,0.44727546,0.0,0.4770084,0.1964724,0.0,0.25687245,0.39676207,0.03724815,0.27234897,0.0,0.22360197,0.07308224,0.0,0.32910585,0.20393646,0.19729504,0.25857532,0.62295806,0.6048947,0.26778677,0.06277286,0.13915585,0.60428584,0.3141094,0.2524198,0.0,0.19281426,0.0,0.29489076,0.38217953,0.0,0.33567867,0.37596375,0.42594567,0.56948066,0.27829626,0.36410496,0.50071394,0.45571393,0.0,0.34415564,0.19168612,0.0,0.47609448,0.3022825,0.0,0.42852345,0.4932837,0.1109806,0.35588712,0.6177974,0.42350224,0.0,0.0,0.62234527,0.4694091,0.0,0.393558,0.22178294,0.0,0.66959494,0.33754644,0.23820305,0.24222825,0.26051876,0.3321766,0.8272492,0.16223872,0.32285506,0.33438984,0.13828574,0.5724258,0.5473289,0.47318587,0.34645692,0.25602466,0.28830683,0.08616359,0.22532012,0.24016643,0.09292047,0.2935735,0.07310676,0.53638923,0.48841637,0.12394728,0.4796715,0.0,0.27830058,0.0,0.42942306,0.015479533,0.7162664,0.26673806,0.0,0.20658408,0.68957156,0.26403508,0.085891396,0.76462054,0.6032644,0.35485733,0.36186197,0.1036955,0.23585474,0.5301192,0.3563708,0.0,0.0,0.5060675,0.3876947,0.33693478,0.3364976,0.31399825,0.0,0.560095,0.40580422,0.112399876,0.0407557,0.42896536,0.62309456,0.32916793,0.3169736,0.325779,0.30526048,0.25862455,0.80400276,0.6455066,0.084531456,0.09986036,0.2795375,0.28335685,0.092257395,0.04475449,0.19380361,0.028389717,0.25925502,0.5217257,0.0,0.5866499,0.06331141,0.053088065,0.0,0.1651432,0.4729037,0.5623795,0.23692873,0.07856177,0.21856187,0.3623336,0.18668972,0.1415704,0.39104122,0.47885752,0.19794022,0.386617,0.021351866,0.09483419,0.4481258,0.25647923,0.5956729,0.39457095,0.040154442,0.39453498,0.47342458,0.0,0.0,0.0,0.0,0.36208147,0.08843367,0.0,0.10384208,0.363482,0.19338065,0.35178247,0.5673566,0.01115955,0.4629353,0.0,0.37297562,4.6260655e-05,0.57220274,0.30890033,0.19405381,0.06807208,0.08089782,0.0,0.20736808,0.2384767,0.12876591,0.09704896,0.0,0.1720283,0.6122131,0.24634805,0.1178021,0.39778987,0.19193324,0.0,0.0,0.066566415,0.19118425,0.2778185,0.2646089,0.4668998,0.18262482,0.2605595,0.27203196,0.050166838,0.0,0.16612698,0.2886219,0.37234616,0.0,0.40280855,0.15556924,0.055205245,0.2687977,0.21585537,0.31275967,0.47090125,0.03531331,0.43418866,0.0,0.457243,0.2825187,0.38684767,0.0,0.7047187,0.0,0.111733705,0.45934668,0.53935516,0.16918728,0.68253803,0.0,0.0,0.37156,0.34729028,0.3103416,0.3161079,0.36464575,0.4885074,0.043389942,0.3377322,0.10031804,0.0,0.12781164,0.03462908,0.0,0.25611448,0.2534948,0.48876956,0.26137027,0.08499466,0.33597213,0.46586663,0.28336674,0.22272997,0.46835026,0.0,0.24519598,0.579708,0.18745409,0.04998551,0.042049732,0.0,0.0,0.49498853,0.3901246,0.14181353,0.07318373,0.3580036,0.46850342,0.5414153,0.40264502,0.462821,0.5039966,0.3460045,0.11418033,0.10100158,0.60813,0.4806329,0.28065568,0.104311176,0.2572146,0.046101086,0.44131365,0.36334026,0.38707814,0.0,0.2520459,0.13823362,0.3831316,0.0,0.54182035,0.21207611,0.22962315,0.46444663,0.3881511,0.3198025,0.13485448,0.27106008,0.0,0.25568244,0.37385818,0.27703235,0.53936225,0.0,0.41873273,0.0,0.4765381,0.10608192,0.599097,0.0,0.51026994,0.0,0.3623026,0.37623352,0.0,0.3326038,0.545746,0.36460936,0.4472458,0.23967001,0.4533704,0.5891547,0.0,0.0,0.49589568,0.24864191,0.8173802,0.33862376,0.18365575,0.0,0.14615783,0.441388,0.39511093,0.4758228,0.0,0.10401112,0.5008043,0.21987808,0.18248144,0.0,0.15455277,0.09978971,0.08126536,0.20238641,0.16427559,0.22026926,0.0,0.0,0.121411845,0.124598734,0.047428958,0.0,0.27356997,0.0,0.0,0.34101078,0.47446042,0.36113805,0.30922407,0.0791977,0.01327542,0.643789,0.79875714,0.12121391,0.46261322,0.21286778,0.29041755,0.23415565,0.5479357,0.21807946,0.2310629,0.16317761,0.0,0.0,0.0,0.31412026,0.10977928,0.0,0.53617734,0.3286398,0.4758324,0.39589915,0.3843098,0.42736292,0.015818678,0.43187404,0.31212988,0.00852694,1.5558675e-05,0.1297892,0.010917006,0.0,0.0,0.18719366,0.14336814,0.0,0.19453263,0.07738661,0.21055755,0.39634556,0.088239595,0.24786118,0.82699555,0.45426464,0.37183896,0.33008936,0.09941035,0.48965022,0.47322598,0.07193711,0.0,0.39112318,0.38340634,0.42083636,0.14029813,0.027613102,0.6033879,0.5480431,0.6092386,0.29888752,0.5202818,0.21510415,0.13835478,0.16391075,0.34911433,0.51623183,0.34621832,0.23850712,0.6223509,0.0,0.23924127,0.3847923,0.8318793,0.44415444,0.27750048,0.3167756,0.811501,0.1872358,0.6710392,0.0,0.5384463,0.0,0.62577605,0.41989663,0.725488,0.0,0.1272164,0.49378595,0.3460358,0.1811508,0.0,0.3520285,1.0123025,0.387038,0.28912055,0.41464144,0.43053678,0.1659697,0.31987306,0.0,0.38422492,0.2581084,0.5228828,0.07168045,0.036135748,0.0,0.45782688,0.14794238,0.28195465,0.4215128,0.22411904,0.15232706,0.54881835,0.62006706,0.052795507,0.24787296,0.239473,0.10622616,0.1004761,0.1793428,0.30596635,0.0,0.17073789,0.0,0.39498985,0.0,0.051499784,0.0,0.26025778,0.066659294
CA1,0.56245834,0.029062327,0.30980727,0.0,0.023339652,0.01843724,0.18518695,0.41279763,0.0,0.17013906,0.20366164,0.12690493,0.20268159,0.0,0.0028807968,0.12209268,0.0,0.4553427,0.031150455,0.060502443,0.0,0.7939257,0.09625243,0.19563076,0.42215928,0.12701648,0.49495295,0.45900115,0.20956892,0.0,0.009091879,0.0,0.47527853,0.091129676,0.30025977,0.0495919,0.14285912,0.5780884,0.34659103,0.088613905,0.46053317,0.6908372,0.3806343,0.0,0.18995138,0.23807138,0.0,0.21767884,0.3595278,0.0,0.10634384,0.46194917,0.130509,0.25194147,0.626379,0.55663055,0.0,0.0,0.37417564,0.21951334,0.14074063,0.07958004,0.2795875,0.0,0.62550396,0.45581913,0.34612516,0.009714138,0.2428982,0.0,0.45613742,0.3238157,0.0,0.40657803,0.1099936,0.2995917,0.28589353,0.68947864,0.42092058,0.0,0.31559485,0.11374561,0.0,0.30063653,0.053687654,0.072812244,0.15572487,0.5311512,0.13434744,0.30983144,0.10377011,0.0,0.22433907,0.0,0.4368861,0.0,0.3083393,0.0,0.0,0.054894473,0.50042176,0.09296279,0.0,0.6552987,0.35575604,0.0,0.067672886,0.086798325,0.028166655,0.1844616,0.28823695,0.0,0.08769694,0.22603615,0.49337792,0.0,0.1251772,0.08572832,0.18274422,0.5323885,0.46652877,0.0,0.44406515,0.48230177,0.4975581,0.0,0.32215568,0.3086976,0.0,0.17114201,0.51913,0.10011157,0.11632164,0.29265898,0.04711741,0.37583268,0.25342447,0.0,0.51006156,0.050779395,0.36551782,0.5154184,0.0,0.6254387,0.116053715,0.0,0.0,0.0,0.10839025,0.16278541,0.112191096,0.116156496,0.23396216,0.015849601,0.07614251,0.30360195,0.2967133,0.01287556,0.08201462,0.11723685,0.35540232,0.0511013,0.0,0.36391103,0.5681475,0.22618726,0.0,0.36262685,0.0,0.0,0.0,0.0,0.0,0.008219138,0.0,0.0,0.4259247,0.51616067,0.012016261,0.08107365,0.17125604,0.13474128,0.07109228,0.25108686,0.11999251,0.0,0.5673485,0.0649155,0.14240013,0.23198533,0.08664855,0.0,0.29695076,0.15941271,0.27572075,0.10401619,0.0,0.0,0.5943141,0.1220217,0.25932968,0.19844495,0.090041794,0.0,0.121471465,0.015506932,0.0,0.3115051,0.43320957,0.113450855,0.15988638,0.16546577,0.50152457,0.3144136,0.13391197,0.40983975,0.15076797,0.07341035,0.1851449,0.24350591,0.31970677,0.015467424,0.07144934,0.17531297,0.55075735,0.33851823,0.0,0.18617965,0.24585006,0.07541319,0.26837996,0.13772258,0.0,0.70156384,0.0,0.13786261,0.24475482,0.389292,0.18197218,0.0,0.0,0.0,0.050043307,0.36349875,0.03156293,0.5220281,0.29370013,0.3367313,0.05620272,0.0,0.4728711,0.0,0.018637571,0.06357419,0.0,0.19659509,0.33664364,0.6930134,0.14283589,0.0,0.07775881,0.3633872,0.39885098,0.0,0.3107579,0.0,0.06523579,0.32961133,0.6705783,0.2082696,0.43481898,0.0,0.057871252,0.5876618,0.17754152,0.0,0.0,0.2949187,0.10744361,0.036354754,0.29865518,0.17209962,0.6561511,0.45312303,0.035561644,0.16434464,0.090618804,0.37326884,0.06127464,0.35627738,0.26793188,0.0,0.0,0.18161619,0.26989198,0.0,0.50146276,0.17640194,0.40977886,0.21905065,0.11807808,0.14679782,0.15514989,0.013400019,0.28066027,0.0,0.2583767,0.6133397,0.0,0.3481981,0.0,0.007216092,0.4438817,0.0,0.17275706,0.27069458,0.3212556,0.12758052,0.23293713,0.0,0.27761105,0.0,0.0,0.59169924,0.0,0.3190194,0.6731176,0.22760934,0.35900703,0.09815847,0.19706988,0.39837652,0.0,0.0,0.43672654,0.013305986,0.21772687,0.073277794,0.0,0.06789985,0.18490571,0.20400462,0.48469928,0.08903763,0.0,0.0,0.113850966,0.20524481,0.15025431,0.13612778,0.052812174,0.060998753,0.027925525,0.058215536,0.047126465,0.0,0.121586874,0.27459425,0.2872734,0.38456574,0.14400093,0.0,0.06944133,0.0,0.18912229,0.085189074,0.0,0.12851104,0.075139925,0.1293795,0.35819125,0.63803476,0.91291016,0.0,0.4942302,0.03226484,0.28892463,0.00016342849,0.20882046,0.23387523,0.19882236,0.31488726,0.0,0.0,0.0,0.27751306,0.3026803,0.15397792,0.4506118,0.26768458,0.44789544,0.21242347,0.32022017,0.28876057,0.0,0.0,0.22147977,0.13653895,0.0,0.07242241,0.019001266,0.0,0.0,0.17455743,0.0,0.0,0.0,0.11424084,0.3246627,0.0,0.028648412,0.48626032,0.70170385,0.28532457,0.0036470033,0.0,0.22476482,0.2613684,0.1010436,0.018146712,0.0008812025,0.42828375,0.5316763,0.0,0.1340628,0.3652529,0.32112557,0.3833501,0.5601255,0.031572685,0.6157359,0.23481046,0.37094167,0.0032910462,0.37456998,0.20881252,0.30500835,0.24088268,0.29363152,0.0,0.032813597,0.2536557,0.8480919,0.17241326,0.10257876,0.26509455,0.59063786,0.0,0.25824922,0.0,0.3781794,0.23312762,0.47869977,0.12980482,0.3410112,0.0,0.09614073,0.42439607,0.092394084,0.0,0.0,0.062322587,0.7375507,0.12851802,0.14761737,0.27273327,0.14632894,0.09419568,0.0925795,0.0,0.34587237,0.17465553,0.0,0.27800903,0.0,0.0,0.15004323,0.021163817,0.035911188,0.35343927,0.42383313,0.038964026,0.5532606,0.41453615,0.0,0.3586005,0.21276997,0.0045913532,0.0,0.18427536,0.36509052,0.0,0.0,0.0,0.60491186,0.0,0.0,0.0,0.44129965,0.38039544
CA2,0.42317826,0.13200921,0.22464038,0.029850207,0.07972342,0.12890919,0.09475303,0.34465942,0.0,0.31924486,0.08812078,0.29211298,0.07933074,0.0,0.022600576,0.15535001,0.02856757,0.40763882,0.11478417,0.10361442,0.0,0.7088278,0.081014626,0.33388326,0.49937022,0.13797824,0.5602212,0.50908303,0.17317812,0.0,0.0013861759,0.11809904,0.3937285,0.19399527,0.28231817,0.06073235,0.1239811,0.5160724,0.26633862,0.0718342,0.46934152,0.5932685,0.37097237,0.0,0.22393584,0.14954145,0.0,0.26421168,0.24032064,0.0,0.056393947,0.35586905,0.124097094,0.1880985,0.55923176,0.47903946,0.0,0.0,0.2532014,0.223755,0.20203966,0.042209473,0.36786586,0.0,0.53124195,0.42062643,0.29315138,0.039394815,0.2348004,0.033205725,0.4426288,0.18958394,0.074496955,0.3963118,0.13225476,0.3157108,0.25165662,0.61857176,0.2543336,0.010969743,0.28444862,0.17334253,0.0,0.24542212,0.058275416,0.13258149,0.20298807,0.41524786,0.23427352,0.3202725,0.111756355,0.0,0.10263186,0.0,0.3574332,0.0,0.18997985,0.0,0.0,0.075046815,0.40209752,0.0963254,0.034042515,0.59371793,0.28093427,0.0,0.046491697,0.07141076,0.13596158,0.12288472,0.327108,0.0,0.044144478,0.14235179,0.3553928,0.06788512,0.12958829,0.087697804,0.24467139,0.41284803,0.4860908,0.03756241,0.5250963,0.5220209,0.47751173,0.0,0.38527533,0.29213884,0.0,0.19628797,0.4829367,0.05582003,0.16434112,0.3285776,0.0130612515,0.42047518,0.2831531,0.0,0.39008632,0.16109276,0.30478135,0.4399555,0.0,0.48525319,0.21815753,0.0,0.0,0.0063225473,0.05511778,0.07801077,0.13111529,0.19606686,0.3221496,0.031867985,0.075113885,0.21157932,0.3892111,0.09978566,0.026539546,0.06885273,0.24382213,0.13888235,0.0,0.3400945,0.41457653,0.28120434,0.0,0.33658108,0.0,0.0,0.0,0.0,0.011055868,0.0,0.0,0.074670926,0.34599656,0.40972188,0.063767165,0.007971007,0.08278213,0.15776813,0.124691576,0.24483964,0.13454,0.10418224,0.49910417,0.2553426,0.16189638,0.2126933,0.15041853,0.0,0.18780977,0.15926453,0.3105919,0.21703741,0.0,0.052192133,0.58590734,0.18979515,0.23058146,0.24738161,0.13415247,0.0,0.11088002,0.0,0.0,0.1870466,0.43002403,0.05789523,0.28106752,0.17259246,0.46457455,0.3301409,0.101895034,0.35981828,0.07195523,0.16065349,0.17468654,0.24114129,0.33672464,0.07927409,0.15460306,0.17793274,0.43025446,0.31872216,0.0,0.2766443,0.21770716,0.0044129174,0.30794808,0.1353997,0.0,0.5188618,0.0,0.060762897,0.18490557,0.34306693,0.13606554,0.06383258,0.0,0.0,0.0,0.35722244,0.006781243,0.5395034,0.2614236,0.26790756,0.05178685,0.0,0.36918893,0.0,0.07638515,0.06060722,0.0,0.17149055,0.38682246,0.57868725,0.13608877,0.035749596,0.03817053,0.34874344,0.42066544,0.014563646,0.3802272,0.0,0.11029041,0.29882854,0.59698755,0.23226632,0.52575517,0.0,0.11955024,0.4457164,0.30433092,0.044266455,0.0,0.25125152,0.13012773,0.13460916,0.22469452,0.108361915,0.6358973,0.35063344,0.0049482198,0.12882274,0.020256285,0.3714969,0.09425973,0.49228984,0.2756958,0.0,0.07567802,0.24022815,0.28533465,0.0,0.5000869,0.2601933,0.3762704,0.14234197,0.047778744,0.19042602,0.07299108,0.051495865,0.27593112,0.0,0.25702918,0.52793115,0.0,0.37209454,0.0,0.0,0.4854279,0.0,0.19041367,0.28305802,0.3274742,0.06431763,0.258833,0.0,0.19783212,0.0,0.08853597,0.54747874,0.0,0.31973124,0.5755973,0.25827232,0.30349204,0.0,0.1420312,0.43809387,0.0,0.0,0.3711805,0.0,0.20578176,0.1920999,0.0,0.11825365,0.20162378,0.15236282,0.46488807,0.14951804,0.0,0.0,0.10674335,0.27928233,0.16949293,0.16451356,0.12046474,0.25205326,0.12632254,0.1493656,0.0554554,0.010092109,0.18023422,0.27555725,0.34909073,0.42365068,0.29621398,0.0,0.047306847,0.0,0.22061822,0.075066924,0.0,0.06703666,0.107963905,0.163987,0.35012615,0.62455755,0.7967805,0.0,0.45151782,0.052381065,0.43364495,0.0,0.24626067,0.15331644,0.21021035,0.4012011,0.03737536,0.0,0.0019345134,0.2673572,0.39698678,0.1919468,0.36412418,0.25513208,0.4164547,0.21886587,0.176346,0.28457716,0.0,0.010512637,0.18990186,0.15071723,0.0,0.049060185,0.19549434,0.0,0.0,0.23649205,0.0,0.0,0.0,0.11270714,0.2686679,0.0,0.079951584,0.37854016,0.51818794,0.23926756,0.0,0.019337764,0.22220866,0.24544367,0.0843065,0.0,0.051336728,0.3134945,0.526715,0.014013568,0.09965768,0.34218925,0.35694593,0.3122427,0.45971683,0.10654827,0.5682496,0.26172206,0.41241783,0.0,0.3442838,0.22762686,0.42426002,0.22293697,0.26168174,0.0,0.07922647,0.20360416,0.6712352,0.18425137,0.083202705,0.26242524,0.48023224,0.0,0.18671358,0.0,0.2422323,0.14874597,0.3971347,0.05260004,0.2827143,0.0,0.29606843,0.4328528,0.15701815,0.0,0.0,0.07230827,0.564791,0.10076027,0.14947753,0.20876129,0.12797773,0.16360092,0.028112423,0.0,0.2791933,0.32799107,0.0,0.11656324,0.0,0.0,0.111279376,0.0,0.022868281,0.443152,0.4072085,0.05481728,0.39621937,0.3070833,0.0,0.45672587,0.17532808,0.0,0.0,0.20792653,0.3344558,0.0,0.0,0.0,0.5827847,0.0,0.07591619,0.0041686147,0.40319216,0.3895257
CA3,0.49228376,0.14114282,0.2656634,0.0,0.21056297,0.05004883,0.15975161,0.35636735,0.0,0.24590391,0.19629899,0.2759401,0.1795062,0.0,0.06079565,0.17976926,0.10249492,0.3158602,0.05856988,0.053177893,0.0,0.83287376,0.14758882,0.36371988,0.47370923,0.07165907,0.5522239,0.42735025,0.19205363,0.0,0.0,0.0,0.40209365,0.2239683,0.2525098,0.014876941,0.11356042,0.62949383,0.38820472,0.14637811,0.5753514,0.6920253,0.44680548,0.0,0.1707668,0.34710893,0.0,0.2769795,0.39572108,0.0,0.11322797,0.35502705,0.18167259,0.2860991,0.60946417,0.49099705,0.0,0.0,0.3695916,0.23420471,0.23658279,0.0068256073,0.30478597,0.0,0.68288463,0.38336688,0.33824936,0.022809666,0.14157209,0.068114005,0.56199706,0.28149697,0.13153645,0.35536367,0.16154236,0.45418715,0.19567794,0.6831564,0.35172373,0.08192632,0.28754932,0.23442659,0.0,0.32616773,0.0,0.10580973,0.25906742,0.47200632,0.21428022,0.330736,0.2084045,0.0,0.10401216,0.0,0.44288436,0.027036922,0.2708952,0.0,0.0,0.068402946,0.52127826,0.13567324,0.10364288,0.8115774,0.28304362,0.0036634654,0.18298894,0.090700835,0.045438454,0.27876022,0.36823535,0.0,0.1640742,0.26513863,0.41760927,0.080536075,0.23690929,0.13115254,0.22217631,0.48729375,0.5541102,0.010274943,0.519587,0.6744661,0.52305174,0.06273454,0.4203728,0.37698185,0.046888746,0.15040985,0.6384034,0.08871893,0.19003701,0.3901236,0.05926738,0.47435582,0.35423863,0.0,0.46826014,0.11897176,0.38921264,0.6199047,0.0,0.6243309,0.19672899,0.0,0.0,0.0,0.10566265,0.16714086,0.095638454,0.19166836,0.39151102,0.08901988,0.2041914,0.3353549,0.49790362,0.049224395,0.04135607,0.049786314,0.2599372,0.0,0.062454335,0.4650759,0.52353865,0.24868178,0.0,0.43494055,0.14679246,0.0,0.0,0.0,0.0,0.0569235,0.0,0.056455195,0.4201947,0.46765605,0.0,0.08888153,0.1573064,0.21662562,0.2121431,0.27221185,0.24088915,0.14104682,0.5761491,0.017737448,0.16854922,0.19390081,0.034544207,0.0,0.30563396,0.13503331,0.25514004,0.18276182,0.0,0.034097593,0.68607587,0.09779276,0.28137046,0.16857874,0.1845563,0.0,0.010686096,0.0,0.0,0.32225204,0.43832105,0.13904455,0.35446295,0.12892328,0.43739498,0.3199579,0.051136445,0.33432588,0.1545329,0.124662325,0.22164276,0.26074788,0.32914418,0.07711321,0.1670214,0.101704046,0.4455996,0.46202174,0.0,0.2983926,0.21539167,0.16022314,0.32262874,0.16698328,0.0,0.73811287,0.0,0.12552343,0.24288994,0.506704,0.15906513,0.12454899,0.0,0.0,0.0,0.35646868,0.09402123,0.65072185,0.32377082,0.43326116,0.0015497319,0.0,0.42471907,0.0,0.042553276,0.0,0.0,0.26188937,0.44287097,0.57549256,0.1463884,0.05133603,0.098251365,0.40705585,0.48568556,0.07632133,0.4472784,0.0,0.10382438,0.44461668,0.7158733,0.1693536,0.5220516,0.0,0.07798822,0.5689903,0.31581965,0.0,0.0,0.36813134,0.16264804,0.18270025,0.15630902,0.19807164,0.7826296,0.4448706,0.04543256,0.18869151,0.034056615,0.42920133,0.10183225,0.5650015,0.26308557,0.0,0.09304544,0.21120673,0.34802786,0.0,0.6281105,0.2236532,0.5195091,0.14454031,0.18530276,0.21237943,0.08895632,0.08731047,0.35173374,0.0,0.15027146,0.5664318,0.0,0.3827621,0.033288185,0.028432239,0.47458646,0.0,0.1481539,0.19913417,0.49429777,0.13341706,0.31745183,0.0,0.30750105,0.0,0.09507462,0.5988582,0.0,0.31858113,0.5391262,0.38592923,0.4217838,0.0,0.16197218,0.46927565,0.0,0.0,0.5027162,0.08151259,0.25862238,0.118701264,0.0,0.0,0.22317137,0.120958306,0.59815,0.2595293,0.0,0.0,0.076702975,0.17900608,0.114829555,0.23223846,0.00546752,0.20194095,0.014574181,0.17777047,0.092654005,0.10751038,0.14115389,0.21991704,0.3775421,0.35669017,0.29939178,0.0,0.0,0.0,0.18503314,0.09118083,0.12751505,0.16701661,0.10266993,0.022032367,0.3581285,0.84565693,0.93018955,0.0,0.5872156,0.13230339,0.45562783,0.05296644,0.34440422,0.20355539,0.21361186,0.43093917,0.0,0.0,0.0,0.28281817,0.2730676,0.21482499,0.52371323,0.39126417,0.46411094,0.3509737,0.22442557,0.31864938,0.0,0.09619739,0.19294098,0.15465544,0.0,0.12618619,0.10743914,0.0,0.0,0.21145229,0.0,0.0,0.050369374,0.09501264,0.3524743,0.014776338,0.114544086,0.4565526,0.7735644,0.2638343,0.0,0.071726255,0.20613879,0.2835973,0.10856891,0.024992023,0.0,0.42158026,0.60849845,0.10194761,0.068066336,0.3402022,0.4537358,0.49300233,0.6275886,0.11779389,0.73094785,0.3260978,0.42227727,0.12751035,0.4529712,0.38725126,0.5359906,0.27559826,0.38187096,0.0,0.09070966,0.27051768,0.8770058,0.18133557,0.13327554,0.34623787,0.6860776,0.0,0.27360874,0.0,0.24713066,0.10250436,0.55162305,0.098918594,0.47527587,0.0,0.12428005,0.42969295,0.21308455,0.0,0.0,0.12328393,0.7080962,0.18442124,0.2776432,0.31250885,0.17441198,0.12222283,0.12431823,0.0,0.40989923,0.21066189,0.093267456,0.3245742,0.0,0.0,0.24466199,0.0,0.0,0.5064478,0.45070928,0.05771073,0.5136718,0.39683086,0.0,0.46703583,0.2606967,0.0,0.0,0.19248024,0.3294315,0.0,0.041079022,0.0,0.6619613,0.0,0.13219647,0.0,0.37039214,0.40257913
DG,0.40442878,0.0,0.2898472,0.029269146,0.07828584,0.004658733,0.29578477,0.34653273,0.0,0.11515564,0.18995771,0.09483381,0.17360905,0.0,0.016868785,0.10233654,0.0,0.38203245,0.12622243,0.17085567,0.0053925402,0.58880603,0.13897228,0.11676279,0.2697417,0.16788791,0.37645188,0.34370437,0.20656331,0.0,0.08430838,0.0,0.4419268,0.148713,0.14491795,0.049400546,0.16711785,0.41981718,0.39682254,0.09545712,0.20450372,0.4982042,0.33274472,0.0,0.1718185,0.24687397,0.0,0.23035501,0.2898512,0.0,0.13294983,0.38115588,0.1176139,0.100588694,0.3138163,0.4442411,0.0,0.0,0.3541591,0.18567498,0.059209395,0.11552207,0.24294627,0.0,0.41157648,0.32357708,0.32713476,0.11521931,0.25628194,0.07024907,0.37061754,0.30477244,0.11400734,0.3293163,0.01999628,0.2400438,0.33295962,0.52757907,0.23775764,0.016445082,0.28739595,0.07587228,0.035899505,0.14365286,0.11174475,0.13947663,0.06503011,0.41943568,0.12369665,0.2209566,0.1406679,0.0,0.21015434,0.0,0.35058457,0.0,0.309931,0.09560648,0.0,0.11515183,0.48805666,0.10214256,0.014545705,0.4596787,0.39070475,0.09404099,0.048074156,0.11956327,0.07365063,0.28500283,0.19904988,0.0,0.0,0.1280845,0.40265116,0.042461656,0.09608416,0.008804735,0.20318778,0.43717128,0.29501715,0.07101053,0.31469804,0.3291366,0.45015016,0.13202362,0.31578502,0.107622586,0.03136549,0.12263243,0.4234241,0.17123118,0.00036429125,0.26659995,0.07669182,0.1957088,0.1455313,0.0,0.3987297,0.027469696,0.29430786,0.3095035,0.0,0.4147211,0.25926688,0.0,0.0,0.063816756,0.1431799,0.20688957,0.08763685,0.07428097,0.15223207,0.10046367,0.0,0.15383051,0.31200647,0.022987116,0.103419825,0.23459311,0.22578374,0.15654139,0.08467199,0.21497,0.44891298,0.03560219,0.0,0.37657267,0.03881048,0.0,0.0,0.0035031121,0.05987972,0.12110504,0.073363855,0.0,0.30610996,0.2479438,0.10176294,0.008134477,0.21968377,0.123911306,0.21321958,0.24385248,0.13357858,0.0,0.49211746,0.13200216,0.20233421,0.14415212,0.10785,0.0,0.21677607,0.14792728,0.16518447,0.0060215965,0.0,0.034942772,0.5119885,0.17784059,0.30405942,0.24956523,0.10771758,0.0,0.07496263,0.05765137,0.00060448423,0.2219428,0.32958376,0.2060005,0.124958366,0.19352068,0.30645204,0.16968936,0.0472794,0.33425727,0.22519465,0.054569267,0.16233008,0.25226152,0.16652894,0.040976766,0.12093383,0.1960118,0.47538397,0.36321115,0.0388034,0.23308954,0.08300373,0.18761526,0.29816997,0.15697546,0.0,0.5127715,0.0,0.14918521,0.16255838,0.39871192,0.0,0.14216255,0.0,0.0,0.20978361,0.25768352,0.02435729,0.320674,0.11365752,0.24127872,0.0,0.0771772,0.25715688,0.0,0.07933197,0.10155948,0.0,0.22978818,0.22952177,0.46060798,0.12734294,0.0,0.17307651,0.3364129,0.33208647,0.10027991,0.31285697,0.0,0.049748227,0.35181785,0.41844168,0.123095855,0.23709843,0.0027942993,0.0,0.54362804,0.15289226,0.054363403,0.0,0.17898996,0.056472167,0.0635739,0.24665312,0.14783506,0.3895413,0.33148307,0.06418963,0.07385392,0.13147083,0.2960355,0.10450467,0.23866701,0.24464858,0.0,0.034443986,0.20896152,0.1593229,0.0,0.37138596,0.18181974,0.30212918,0.08986478,0.102439076,0.14571,0.1687575,0.1091079,0.24771494,0.100091025,0.14985265,0.46619293,0.0,0.24953309,0.14912334,0.0122598335,0.35217255,0.0,0.15372045,0.25253996,0.2335193,0.13875501,0.18952389,0.0,0.17630835,0.0,0.059199743,0.43123925,0.0,0.1986703,0.477022,0.16614255,0.32966563,0.20888194,0.2062959,0.28793693,0.0,0.0,0.3120366,0.10882528,0.2858002,0.13168187,0.0,0.099360354,0.10234457,0.1465162,0.41953632,0.13042293,0.0,2.0756386e-05,0.19245146,0.16277924,0.10518251,0.07836897,0.031815402,0.09489566,0.059140738,0.097498156,0.033834018,0.08461126,0.03761445,0.087802395,0.17238595,0.21014225,0.0,0.0,0.12610064,0.0,0.16110453,0.03045239,0.078500606,0.154022,0.07524401,0.13571846,0.1455599,0.3856093,0.67188245,0.0,0.31765437,0.13619219,0.19563371,0.11483801,0.15258889,0.18299654,0.18098073,0.2735682,0.0,0.0,0.0,0.19291651,0.12789081,0.0939599,0.5151879,0.27162293,0.421099,0.18554622,0.30969405,0.24097894,0.0,0.10950708,0.18482625,0.073292315,0.0,0.046645913,0.0,0.0,0.0,0.13599344,0.0,0.0,0.0102184955,0.03947497,0.11776881,0.17217085,0.05406063,0.36892676,0.5784894,0.37953973,0.1492565,0.0,0.09290286,0.29177558,0.22774196,0.0,0.10012345,0.4236771,0.31743127,0.047095023,0.17798048,0.2462423,0.35665408,0.23198651,0.34103703,0.086006194,0.47491083,0.2445537,0.31065586,0.02357546,0.16387516,0.18538895,0.21179345,0.27259552,0.3083927,0.0,0.07313736,0.24024594,0.62789786,0.14735782,0.08000887,0.32671633,0.39451712,0.0,0.27255413,0.0,0.2676259,0.24185313,0.40435895,0.075761616,0.27650458,0.0,0.085001744,0.32510257,0.128805,0.07444995,0.0,0.09266816,0.6599747,0.06362495,0.10655769,0.27586353,0.09972277,0.07517843,0.049324576,0.0,0.38612172,0.16069038,0.017428989,0.17302474,0.06437523,0.0,0.10599284,0.0136852,0.04814522,0.3368828,0.31402993,0.0,0.38903826,0.4502805,0.0,0.14107564,0.15338135,0.0,0.0,0.14030954,0.30968818,0.0,0.114759594,0.0,0.5050045,0.0,0.023689747,0.019672178,0.40894952,0.34335965
SUB,0.36078578,0.17082348,0.26816934,0.0,0.20538408,0.0,0.11365807,0.32823187,0.0,0.21365027,0.22691305,0.058992065,0.27350786,0.0,0.024198502,0.116739765,0.0,0.2827676,0.0074328184,0.08585903,0.0,0.5048941,0.14583026,0.2758234,0.17826875,0.17789146,0.5245684,0.29805535,0.28893906,0.0,0.09231538,0.0,0.28615668,0.11091326,0.039600223,0.09143701,0.17761211,0.48861432,0.37348345,0.07054974,0.4129778,0.39725903,0.26756436,0.0,0.32421038,0.22362863,0.0,0.3374992,0.30620384,0.0,0.23577322,0.31336266,0.1026106,0.1608528,0.48526126,0.38366,0.0,0.0,0.38024482,0.27751988,0.0,0.11431818,0.13764521,0.0,0.5228078,0.30461186,0.19839297,0.12992103,0.19946495,0.12678874,0.37795416,0.24830814,0.109498575,0.27822474,0.1259158,0.33944267,0.2269974,0.37723014,0.36249545,0.060376257,0.25657004,0.06285562,0.0,0.22028533,0.0,0.14275086,0.106600046,0.40252292,0.11546541,0.11025706,0.19682308,0.0,0.09484955,0.0,0.36278197,0.023414059,0.41824076,0.0056818584,0.0,0.09550676,0.42005828,0.12930226,0.13879952,0.58755624,0.34238172,0.18806043,0.0658806,0.10891496,0.17815009,0.31725237,0.21185945,0.0,0.0,0.35573885,0.3848209,0.1239155,0.20331803,0.20789407,0.15433823,0.33392617,0.3590933,0.0,0.18725617,0.34345347,0.39562687,0.0890343,0.33108118,0.2945725,0.06204935,0.123665705,0.4618489,0.2312414,0.018349057,0.095972426,0.103205144,0.17455703,0.11809816,0.052941516,0.13615209,0.18806712,0.10799438,0.3462802,0.0,0.37857643,0.13874388,0.0,0.0,0.0,0.21654537,0.2082439,0.0061055087,0.11366724,0.1288643,0.230633,0.21192251,0.10937101,0.34328508,0.18863165,0.1577114,0.17090292,0.2182363,0.055251237,0.27010307,0.15107517,0.37937832,0.29278687,0.0,0.20839368,0.11251126,0.0,0.0,0.09380296,0.008021999,0.2412861,0.0,0.0,0.2327669,0.27439955,0.06296477,0.10345563,0.3028903,0.045904554,0.16817892,0.01044414,0.25679615,0.0745405,0.34713948,0.12464977,0.16391918,0.15495484,0.081061155,0.032654896,0.14202347,0.0065633506,0.15590233,0.16407976,0.0,0.09164049,0.36619294,0.22332843,0.17519182,0.18732774,0.04626856,0.0,0.082676955,0.0,0.0,0.19092968,0.23018233,0.3371645,0.24902984,0.20656165,0.33351985,0.13864867,0.08072993,0.2099975,0.14743994,0.16818888,0.043838754,0.32995492,0.24226215,0.0,0.22695829,0.10639235,0.36278006,0.28104284,0.0,0.21852143,0.0,0.26586396,0.19673574,0.18155986,0.0,0.48986635,0.0,0.02545808,0.20129871,0.35090992,0.20887804,0.17377247,0.0,0.0,0.16608101,0.277207,0.10794778,0.2761595,0.22167808,0.2729354,0.0,0.003659768,0.10162297,0.007982373,0.0,0.0,0.0,0.093384646,0.30888373,0.32986847,0.24442784,0.017720446,0.14502081,0.27110445,0.2145258,0.07314521,0.43200517,0.0,0.11023742,0.4987039,0.39573774,0.18378149,0.31988895,0.05006407,0.0,0.5304423,0.21131408,0.0,0.0,0.26855507,0.27377936,0.23036444,0.35977975,0.28692237,0.4066437,0.3651781,0.055971242,0.07869934,0.2641777,0.32210365,0.22479716,0.20575094,0.21746841,0.0,0.13169399,0.22635686,0.25823814,0.0,0.30206397,0.1624345,0.35944468,0.0,0.20599818,0.10908305,0.123361416,0.17337082,0.31671602,0.0857055,0.19489948,0.4037164,0.0,0.27669933,0.060128722,0.17650321,0.33193946,0.0,0.20740485,0.055265956,0.38254467,0.0,0.27520433,0.0,0.33356902,0.0,0.19956598,0.43923214,0.0,0.15823376,0.38989353,0.1290962,0.2377338,0.056690745,0.292216,0.39025658,0.0,0.0,0.36888123,0.101659976,0.2240183,0.17449987,0.0,0.0097061,0.33937225,0.11259111,0.38093886,0.22766459,0.0,0.0,0.2550185,0.24048072,0.07781418,0.082993686,0.009110888,0.018563898,0.028431159,0.24089524,0.08956007,0.11594175,0.08961168,0.078536175,0.27718794,0.16348355,0.12202454,0.0,0.01855475,0.0,0.044200346,0.09559229,0.15635256,0.22798559,0.15295531,0.021312254,0.0940325,0.5350146,0.6188784,0.0,0.24976732,0.045036133,0.23036686,0.14347371,0.36602798,0.18068169,0.2696555,0.2266693,0.0,0.0,0.0,0.165041,0.1627932,0.04237993,0.43148372,0.1196418,0.36946192,0.21801797,0.24007626,0.26020035,0.0,0.2436076,0.093179084,0.20352525,0.0,0.21470812,0.0,0.0,0.0,0.1265079,0.049884435,0.0,0.08978519,0.05061741,0.18354516,0.14075606,0.10148163,0.20005223,0.6361165,0.2764709,0.16331853,0.10381326,0.11585502,0.24430177,0.24017659,0.018981898,0.0,0.17108305,0.30927712,0.07053385,0.052031904,0.12723844,0.22642957,0.26287025,0.4211499,0.15414006,0.45566633,0.12256145,0.22098675,0.0,0.15070158,0.31475604,0.28853273,0.27990654,0.4738115,0.0,0.08485073,0.3133045,0.59730816,0.2745766,0.055156022,0.28200734,0.50321317,0.0,0.3871688,0.0,0.24580649,0.0008308282,0.43050814,0.240453,0.22125007,0.0,0.10155389,0.31890965,0.2651982,0.0,0.0,0.14591503,0.46964577,0.24653319,0.15318564,0.17565092,0.2100822,0.06810839,0.22574036,0.0,0.21361126,0.1996541,0.15174086,0.009287031,0.00225454,0.0,0.37497276,0.005759675,0.198136,0.34064814,0.25853968,0.10710951,0.4066389,0.28625697,0.0,0.31944183,0.12483536,0.0,0.0,0.0030296557,0.44999698,0.0,0.115890965,0.0,0.38628188,0.0,0.07266615,0.0,0.41193804,0.27023897
ACB,0.3198133,0.37506607,0.34628356,0.06136017,0.10866449,0.12671103,0.23573007,0.06706381,0.0,0.29369834,0.0,0.04555101,0.3338866,0.0,0.5717406,0.010596871,0.10042367,0.35425037,0.4966536,0.036031533,0.0,0.57589585,0.16209121,0.08060354,0.05785536,0.17427672,0.2712129,0.202855,0.52541965,0.0,0.4233731,0.1086817,0.3187576,0.14874074,0.0,0.61588264,0.41699612,0.019547645,0.25767916,0.27501994,0.0,0.28574488,0.08170614,0.26620993,0.5055716,0.019651951,0.0,0.4303128,0.25014493,0.0,0.22682242,0.4873223,0.6619245,0.11800517,0.5764729,0.11516404,0.0,0.0,0.24142012,0.1275484,0.0,0.3978311,0.14133438,0.0,0.5831954,0.36705413,0.28458515,0.17474733,0.4184557,0.2291224,0.52254444,0.0,0.0,0.050847597,0.17203908,0.47249457,0.28256392,0.51522315,0.41026977,0.1759503,0.1642499,0.09639418,0.6384475,0.049719043,0.39665592,0.48330438,0.13004754,0.31482977,0.4559307,0.07039523,0.5233864,0.0,0.5172112,0.31317246,0.12818712,0.0,0.48764634,0.60396475,0.0,0.13634929,0.60995024,0.1423603,0.03409969,0.5584427,0.6245052,0.18916178,0.27015346,0.17445631,0.2047479,0.013164073,0.20852399,0.0,0.062270824,0.70104593,0.0,0.23484845,0.20563379,0.0,0.0713786,0.36457175,0.0,0.10664526,0.16498236,0.113981284,0.24731551,0.23829643,0.16857938,0.19783345,0.4178152,0.15483366,0.35278344,0.44545054,0.08561974,0.1764424,0.05673832,0.0,0.043125555,0.21706471,0.0,0.043458425,0.28373772,0.28887373,0.012226917,0.39061168,0.0,0.32265374,0.0,0.0,0.6752186,0.3187912,0.6024119,0.3739502,0.36113784,0.42977822,0.39544946,0.79871273,0.06872402,0.32113335,0.14193447,0.42047173,0.0,0.39467484,0.14943996,0.4380566,0.552412,0.27961487,0.4950708,0.31104544,0.6128549,0.3907048,0.0,0.0,0.17131166,0.52923805,0.107890934,0.0,0.06156884,0.58186203,0.33017594,0.50767064,0.39508983,0.163885,0.05414122,0.35701194,0.0,0.0,0.22650953,0.37043682,0.09654675,0.27403978,0.60938597,0.22361033,0.31363443,0.13094793,0.225535,0.19084677,0.0,0.4691495,0.19406909,0.06003874,0.17413862,0.36654356,0.61460614,0.16870934,0.40929615,0.18704563,0.5456555,0.5759784,0.1282688,0.35663512,0.0,0.29345897,0.18730766,0.0,0.0,0.09268405,0.356673,0.6488184,0.084974974,0.20085783,0.045915525,0.045102928,0.2765221,0.11846358,0.30393198,0.0,0.108096026,0.16424811,0.0,0.23565511,0.062305897,0.11652136,0.0,0.30891356,0.0,0.3279824,0.6937132,0.24080533,0.28727886,0.6027497,0.0,0.0,0.72079283,0.77549046,0.07271042,0.22635475,0.2623133,0.39553916,0.32731202,0.2555806,0.0,0.0,0.010283254,0.06391552,0.0,0.12991981,0.008188279,0.8133641,0.33211035,0.0,0.5621277,0.20002407,0.253786,0.49492654,0.012412511,0.0,0.58467156,0.114561215,0.0,0.08147675,0.0,0.0,0.41478044,0.15088704,0.0,0.0,0.46503183,0.48763493,0.33239448,0.20291336,0.5846137,0.46666875,0.16912664,0.24574474,0.6178741,0.009630199,0.6186196,0.25674766,0.14862147,0.123399734,0.21775834,0.3771512,0.5520888,0.44794464,0.47516403,0.0,0.584344,0.3695164,0.2703161,0.30007178,0.43183756,0.30891156,0.50955904,0.39111158,0.0,0.46013066,0.42208847,0.19824524,0.0,0.054290995,0.48793828,0.19566698,0.2070279,0.0,0.9598877,0.26016802,0.09590403,0.4652759,0.5859382,0.0,0.28145945,0.0,0.29858923,0.2021524,0.0,0.48408425,0.2638697,0.38414752,0.2639522,0.21287161,0.36117533,0.20480803,0.0,0.0,0.419509,0.41437757,0.6834911,0.3481403,0.62014717,0.06235998,0.17491049,0.21694231,0.26840222,0.059710983,0.0,0.052193597,0.38558376,0.25509894,0.17918853,0.033238277,0.84890497,0.22635281,0.09791435,0.012301961,0.11479989,0.01287007,0.1592909,0.31726035,0.2505096,0.08823668,0.18044347,0.0,0.6087663,0.0,0.0,0.10907963,0.22921619,0.5879282,0.7100275,0.33839592,0.0,0.2325069,0.39577714,0.2508558,0.58953065,0.0,0.12827694,0.3707666,0.5947758,0.31936952,0.06454283,0.14693035,0.0,0.0,0.0,0.14855087,0.0,0.06912133,0.25847486,0.13986185,0.057231188,0.016701736,0.34601042,0.525597,0.0,0.29679266,0.50775355,0.43317512,0.0,0.44876543,0.1862767,0.0,0.0,0.15509589,0.0,0.19449544,0.34892446,0.45609143,0.042510007,0.30076778,0.5032291,0.41448215,0.33869296,0.3038066,0.77558523,0.5959411,0.21762653,0.6285406,0.0019350732,0.39133093,0.4443491,0.33122277,0.19721684,0.26466665,0.90893304,0.012569828,0.23852888,0.35238078,0.6221659,0.21191646,0.18650454,0.24209633,0.112886496,0.2585054,0.2991993,0.35581377,0.13110046,0.33226943,0.23866436,0.0,0.23679669,0.43580595,0.68608403,0.5809886,0.56908673,0.6073045,1.0016974,0.0,0.6407938,0.0,0.3224672,0.53159755,0.0,0.33173895,0.8892191,0.0,0.6262396,0.0,0.0,0.32006055,0.124223575,0.7083505,0.5731898,0.045168407,0.21791734,0.19796602,0.2617951,0.21306702,0.20341173,0.0,0.61712724,0.05394517,0.40377024,0.41576296,0.28707415,0.0,0.4142152,0.49458164,0.44424492,0.0,0.101652145,0.0,0.4742692,0.41391787,0.26816508,0.41901445,0.39603207,0.030634139,0.4426965,0.43987495,0.44296932,0.0,0.46293402,0.0,0.066246115,0.0,0.1296359,0.0,0.0,0.004402563
CP,0.23142692,0.4818226,0.07971253,0.06094279,0.0,0.07098102,0.0,0.19794896,0.0,0.5756931,0.0,0.12321957,0.1099526,0.0,0.62106305,0.27404803,0.31854096,0.25927475,0.2568261,0.0021411814,0.0,0.70345485,0.0,0.25815305,0.2559834,0.1821447,0.35887375,0.19582833,0.58850706,0.0,0.5682978,0.3271752,0.30851555,0.09833358,0.2803236,0.3076502,0.21032621,0.09872069,0.021278039,0.33093712,0.021646071,0.32987055,0.0,0.44237587,0.7212733,0.2885877,0.0,0.51404786,0.085987456,0.0,0.11570861,0.3165549,0.85479355,0.073006555,0.45069858,0.2504923,0.0,0.0,0.0,0.0,0.0,0.05597282,0.116503105,0.0,0.52225536,0.28468513,0.3706402,0.029596005,0.6700414,0.29268605,0.10004078,0.0041592084,0.042297084,0.28521132,0.053442888,0.48883414,0.13925505,0.46893132,0.265462,0.0,0.35909677,0.21079165,0.7905041,0.0,0.39545348,0.32750246,0.041906953,0.28387135,0.16109943,0.111267716,0.4161459,0.0,0.34034795,0.40509027,0.1887091,0.0,0.0,0.5912016,0.0,0.23487602,0.5269136,0.0,0.09067027,0.79637915,0.2605795,0.39903575,0.0,0.18242604,0.14446586,0.0,0.21325548,0.0,0.07364561,0.547098,0.108100094,0.35788816,0.3760813,0.0,0.33117938,0.07437936,0.0,0.12510356,0.23107922,0.38516936,0.209287,0.103365675,0.49351725,0.38416642,0.3169402,0.067450225,0.08985579,0.057502337,0.2833094,0.17296791,0.0,0.0,0.0,0.31002644,0.0,0.21463901,0.18690567,0.26502997,0.0,0.1972088,0.27193782,0.34441128,0.0,0.0,0.38533399,0.133045,0.24969637,0.6515707,0.6466982,0.45789844,0.60948133,0.9475102,0.38046736,0.0029881103,0.040735584,0.041512646,0.0,0.43644923,0.14436683,0.5281102,0.1946932,0.06540954,0.307032,0.22564037,0.66348416,0.67213684,0.0,0.0,0.29266968,0.42379677,0.037460674,0.0,0.31604558,0.29704484,0.15547201,0.23381789,0.0,0.2889322,0.0,0.57794243,0.0,0.23215441,0.030824043,0.33955643,0.28765497,0.57461923,0.7232696,0.36268806,0.2783935,0.0,0.11203603,0.30997333,0.17368785,0.55706775,0.12142648,0.0,0.24530366,0.35269773,0.7077831,0.16931397,0.5466025,0.0,0.35943022,0.43315655,0.08782821,0.39562348,0.03876737,0.19414039,0.14028625,0.0043868385,0.0,0.0,0.16834001,0.5118924,0.2946337,0.4220782,0.27881536,0.0,0.4484886,0.0,0.23588939,0.2605889,0.072386086,0.19964218,0.0,0.34768316,0.0050021913,0.08882527,0.0,0.12702891,0.0,0.5208839,0.51423573,0.5034998,0.26792154,0.33191225,0.0,0.0,0.36613354,0.66258043,0.0,0.28924692,0.0,0.506731,0.13207796,0.0,0.0,0.05573632,0.0,0.11043968,0.1338745,0.049925614,0.04156143,0.80872136,0.23463374,0.0,0.52860403,0.047010027,0.27858913,0.43095037,0.1481075,0.0,0.43788448,0.21086943,0.037641592,0.29311502,0.0,0.0,0.54584885,0.06873714,0.0,0.0,0.3105084,0.5236199,0.17360023,0.14653051,0.44056758,0.3505916,0.11487983,0.2956524,0.5437658,0.0,0.74822086,0.11779775,0.1822794,0.5353627,0.29613,0.26430148,0.22708067,0.36583805,0.42566425,0.0,0.9145758,0.42590007,0.22557577,0.1927877,0.1407827,0.48791623,0.42090124,0.13362278,0.0,0.23930596,0.40848395,0.17747651,0.0,0.09416897,0.2975676,0.06797531,0.07220408,0.0,0.89734507,0.5625849,0.28380927,0.42615023,0.20751806,0.0,0.14547913,0.0,0.27715573,0.25991356,0.0,0.5565239,0.096912086,0.5721191,0.17235206,0.0,0.22047046,0.0,0.0,0.0,0.23245765,0.42602122,0.111866415,0.1388472,0.48592988,0.117670596,0.30928686,0.0,0.19730638,0.21471195,0.21316516,0.053360634,0.12652963,0.22281839,0.085933685,0.07643978,0.9695306,0.25068322,0.09911239,0.33319333,0.0,0.10330968,0.17417948,0.38853952,0.6793858,0.12335378,0.3745086,0.0,0.37954804,0.0,0.24129027,0.0,0.37969017,0.5421333,0.63403636,0.28372115,0.0,0.5821576,0.22354195,0.0,0.49036884,0.0,0.19864896,0.48824748,0.5693408,0.34987685,0.080072656,0.13498409,0.2633308,0.0,0.0,0.18307331,0.0,0.34182376,0.3462174,0.07583722,0.0,0.0,0.03262068,0.51872283,0.0,0.280453,0.14801931,0.640346,0.0,0.6108652,0.45457366,0.0,0.0,0.18091689,0.0,0.04302081,0.43387607,0.49865606,0.0,0.1585225,0.54318804,0.2506586,0.237082,0.11117122,0.4739616,0.7176229,0.27449602,0.68142515,0.0,0.5931568,0.5865188,0.25313362,0.1182325,0.26259735,0.80954015,0.011394775,0.0961484,0.264461,0.50233305,0.23545077,0.15578929,0.38359034,0.3260756,0.18658906,0.24258995,0.45635357,0.2788139,0.46234494,0.021251556,0.0,0.16674669,0.35742918,0.5293957,0.4100422,0.3393141,0.69265515,0.6373819,0.0,0.44285047,0.0,0.0,0.7369504,0.0,0.0,0.53605765,0.0,0.7630134,0.0,0.0,0.21601151,0.0019352436,0.6038346,0.08495251,0.111192964,0.33450973,0.058535654,0.06507984,0.30352244,0.0,0.0,0.7933154,0.13579482,0.112063296,0.59838635,0.24030621,0.0,0.43571016,0.25868583,0.4940344,0.03623035,0.07012965,0.0,0.277084,0.041755985,0.45379257,0.7199938,0.53794956,0.0,0.5714613,0.14958365,0.33079794,0.0,0.584608,0.0,0.10538675,0.0,0.2868687,0.09676921,0.07852728,0.19577724
FS,0.2895902,0.29125157,0.20607406,0.030482959,0.10454018,0.061634455,0.162973,0.09572594,0.0,0.24244256,0.0,0.030583432,0.14813457,0.0,0.2770532,0.17206018,0.0,0.2684047,0.31773493,0.048233,0.0,0.46057945,0.17193916,0.23459856,0.10704539,0.11917193,0.2422833,0.30276912,0.3171843,0.0,0.28920057,0.12512517,0.115430534,0.20753376,0.0,0.41134027,0.26672652,0.080885544,0.12039253,0.19040705,0.0,0.1953956,0.11459213,0.08322173,0.40735447,0.0,0.0,0.33304453,0.069259554,0.0,0.07857842,0.29190266,0.19527067,0.13406788,0.35738376,0.04966393,0.0,0.0,0.18121216,0.12166482,0.0,0.19105394,0.06717584,0.0,0.35455468,0.30836564,0.06782742,0.1457151,0.21733978,0.06367148,0.40258226,0.0,0.07808678,0.09404488,0.087182775,0.3349417,0.19338807,0.3864722,0.17242612,0.23587005,0.1586716,0.0,0.4132172,0.07598707,0.28000402,0.36757776,0.0,0.15447457,0.35307637,0.16834182,0.24510747,0.0,0.17146909,0.14960477,0.053388927,0.0,0.36829886,0.26753986,0.0,0.085430175,0.4248622,0.034956727,0.0,0.31896883,0.2617886,0.102222696,0.21905914,0.04723483,0.1647523,0.0,0.18628927,0.0,0.0,0.3397588,0.0,0.20847623,0.122199014,0.0,0.071273014,0.18308003,0.039810456,0.08940351,0.24896826,0.077617876,0.08211566,0.104544,0.119021036,0.02708845,0.13431378,0.2659577,0.24618024,0.4327089,0.1020247,0.12569322,0.018439181,0.034680773,0.07883326,0.23530173,0.0,0.2302352,0.095979586,0.13896076,0.0,0.21542491,0.0,0.14379564,0.0,0.1288282,0.30043232,0.17400782,0.44605702,0.31080937,0.23673101,0.36807555,0.13163555,0.3165225,0.1461014,0.29293916,0.058001984,0.14000644,0.0,0.13823538,0.16180085,0.19038983,0.34673095,0.30805498,0.16068625,0.17904279,0.289212,0.16902196,0.065775126,0.0,0.18395829,0.2633407,0.074979365,0.0,0.101692416,0.32247093,0.20003147,0.23056968,0.18510774,0.1189373,0.09386136,0.16428064,0.05948473,0.030171942,0.16944784,0.41884187,0.09072114,0.04466679,0.389901,0.2121831,0.12722299,0.15795061,0.20930871,0.22164029,0.0,0.16679907,0.2176768,0.15810278,0.027988587,0.336169,0.13957801,0.046362184,0.2058814,0.041709557,0.30462638,0.17190348,0.1813848,0.17601667,0.01751535,0.25036594,0.1562705,0.0,0.0,0.03834363,0.13275689,0.50802135,0.13269898,0.11805202,0.090119965,0.009540934,0.2668839,0.15205535,0.24190594,0.0,0.016907223,0.2427864,0.0,0.104607016,0.14299802,0.23934326,0.0,0.16264653,0.0,0.19327569,0.42054138,0.09265151,0.201509,0.3215797,0.0,0.0,0.42858636,0.4237064,0.016760848,0.045245282,0.1978156,0.1292271,0.24439983,0.2707568,0.0,0.0,0.13741535,0.08873715,0.01479365,0.039188374,0.10884136,0.5121084,0.21162778,0.0,0.24837014,0.032301016,0.11377111,0.2692998,0.08497046,0.0,0.36795428,0.11828239,0.0,0.119537264,0.061450016,0.006027125,0.22685073,0.14513277,0.22732762,0.010016728,0.20914307,0.26476225,0.20276079,0.24778423,0.37579146,0.26682317,0.18484542,0.27125853,0.27479354,0.036909536,0.41837507,0.21161874,0.1347812,0.09373963,0.16155764,0.2230636,0.34741405,0.39468634,0.2853565,0.0,0.2858648,0.16531499,0.101829894,0.11752181,0.102682695,0.27416942,0.22583744,0.14897884,0.0,0.1939058,0.22008567,0.113011785,0.016148148,0.07257982,0.32515144,0.20847102,0.26053676,0.0,0.5130632,0.18495157,0.0638163,0.17398815,0.36822593,0.0,0.15987948,0.0,0.19939172,0.25418034,0.0,0.34071466,0.15661602,0.29170892,0.25077996,0.027345188,0.19920479,0.09996181,0.0,0.0,0.22421736,0.14915422,0.33440736,0.35220987,0.17505504,0.1244213,0.100420564,0.16444385,0.22879286,0.13760957,0.0,0.1535906,0.20089819,0.19614927,0.20075043,0.019647349,0.42849484,0.21717404,0.18032402,0.098034896,0.07978902,0.11208104,0.15451267,0.17141767,0.17176735,0.17856376,0.2066234,0.0,0.22580972,0.0,0.0,0.12906554,0.19222973,0.3072132,0.3342585,0.30662763,0.0,0.103109226,0.27887154,0.22850817,0.315361,0.0,0.22522053,0.19459277,0.36484778,0.21413149,0.054059587,0.19321868,0.009097161,0.0,0.0,0.15504214,0.107029215,0.14050019,0.033594735,0.0,0.123684645,0.0,0.13110048,0.24657354,0.0,0.10568084,0.28948423,0.21136735,0.0,0.22477439,0.24461676,0.0,0.0,0.11978291,0.011858445,0.060005683,0.11546776,0.36589375,0.01432436,0.004323311,0.2494657,0.12416849,0.07306803,0.15026392,0.29030472,0.39774656,0.15953822,0.4010964,0.14662853,0.34019005,0.33842033,0.14519252,0.22311027,0.22571301,0.42940184,0.005971564,0.084401324,0.21595624,0.33634502,0.17738152,0.16324612,0.13449962,0.12534168,0.0,0.23650342,0.16213743,0.079589695,0.17194098,0.123946875,0.0,0.1521099,0.2865644,0.4584641,0.30081806,0.37653074,0.22125709,0.5334408,0.0,0.33933264,0.0,0.24864465,0.21543618,0.0700253,0.23779985,0.46413776,0.0,0.4320216,0.07512134,0.0,0.042539943,0.10579018,0.295574,0.34639436,0.1400297,0.19592305,0.102315895,0.299754,0.26594245,0.01509485,0.0,0.2804933,0.2791895,0.28949678,0.19030659,0.2284127,0.0,0.18571796,0.21991411,0.25027037,0.1073377,0.1644164,0.07108092,0.31311113,0.18553859,0.11240371,0.4084279,0.24089037,0.0,0.34909493,0.340085,0.16621743,0.0,0.11731899,0.0,0.23601328,0.0,0.08303382,0.045480423,0.0,0.07936132
SF,0.4643986,0.2934746,0.34599233,0.0,0.0,0.4816797,0.15003487,0.31851315,0.0,0.8350615,0.033787742,0.21745601,0.23750071,0.0,0.81983536,0.30560547,0.0,0.7660247,0.23028825,0.0,0.27089846,0.6729477,0.062442534,0.39139685,0.30987042,0.5359594,0.130823,0.6401565,0.43499443,0.0,0.41440257,0.29186308,0.58139014,0.81276476,0.037365317,0.80118334,0.5790336,0.27990213,0.40863332,0.32871756,0.53158444,0.32398424,0.359518,0.1645164,0.40368178,0.051474363,0.0,0.76937044,0.0,0.0,0.59402883,0.42658883,0.3733185,0.29182917,0.22848901,0.5126575,0.0,0.0,1.0189568,0.28083935,0.027695742,0.4842705,0.77968895,0.0,0.6875642,0.36014262,0.60858643,0.21764073,0.8266433,0.56413186,0.0,0.05311993,0.40133426,0.27675477,0.43863896,0.62949574,0.0,0.65731406,0.58373165,0.071464114,0.43011862,0.0,0.85326177,0.0,0.7184438,0.34658676,0.0,0.20380284,0.41533306,0.38592285,0.016788766,0.0,0.0,0.21120642,0.27752492,0.057261437,0.24645111,0.5636478,0.0,0.2096156,0.14646481,0.01831256,0.36057144,0.29935563,0.26165742,0.18073611,0.0960576,0.051395644,0.42029646,0.7355144,0.2740893,0.33168817,0.0,0.4707028,0.0153605845,0.43649244,0.24414207,0.0,0.0,0.30811492,0.2119283,0.0779313,0.40974942,0.43258667,0.5313062,0.48877975,0.79564047,0.0,0.557246,0.12875217,0.11677219,0.3091415,0.0,0.16235633,0.32045203,0.0,0.5028684,0.0028150938,0.0,0.38541612,0.0,0.0,0.0,0.087629326,0.37477487,0.0,0.23640142,0.33351973,0.5891732,0.0,0.61151344,0.82073534,0.22168022,0.21517865,0.0,0.7150464,0.3403057,0.1829638,0.0,0.057025254,0.0,0.6182789,0.0,0.410949,0.30326253,0.18752524,0.30606407,0.0,0.31068933,0.552136,0.5038692,0.17296429,0.24359584,0.7923618,0.59823596,0.0,0.22439478,0.40240723,0.34633875,0.23966981,0.040399827,0.27648294,0.13860244,0.74324757,0.0,0.21477313,0.6729225,0.47637746,0.47364047,0.0,0.51728344,0.3465706,0.3010434,0.28153604,0.47792175,0.102879785,0.0,0.4014536,0.012090936,0.08959276,0.31918535,0.5875941,0.0,0.15701815,0.35863775,0.14820287,0.6117334,0.30637065,0.24509116,0.6552439,0.17128408,0.46422622,0.08727111,0.4594531,0.0,0.23347424,0.121063486,0.8213651,0.25132418,0.46066916,0.507309,0.15606476,0.74346596,0.30858168,0.48771873,0.13232163,0.61654234,0.28243625,0.20421965,0.12048247,0.1313672,0.18127337,0.0,0.13923737,0.0,0.33227685,0.2681688,0.15200928,0.0,0.22539724,0.0,0.0,0.7603439,0.0,0.027752563,0.0,0.0,0.19055793,0.0,0.05941637,0.0,0.8222503,0.4605893,0.27072728,0.42000625,0.5726634,0.50243944,0.29532045,0.36789224,0.0,0.68182087,0.39309663,0.03151836,0.40441087,0.6000411,0.0,0.33583355,0.4656095,0.18550313,0.21006665,0.110661246,0.58641475,0.15194882,0.47789386,0.61810917,0.017186034,0.40343603,0.29035166,0.23195404,0.35636523,0.10328453,0.33395833,0.41466826,0.22229165,0.31167167,0.47204033,0.43757355,0.10551134,0.07407774,0.44685325,0.32185397,0.21630442,0.45655775,0.10191184,0.0,0.41667438,0.2927436,0.03669393,0.20633972,0.30217853,0.5405449,0.16530769,0.62629145,0.17783137,0.23043416,0.7847157,0.6745017,0.36376846,0.31262955,0.4358696,0.8091593,0.0,0.2337665,0.0,0.7110192,0.5796815,0.21873634,0.11377076,0.1801662,0.0,0.6791399,0.0,0.0,0.7795686,0.0,0.100020014,0.66509265,0.09726623,0.035570595,0.052863486,0.24854958,0.30003196,0.09102749,0.0,0.030975897,0.120246165,0.6014533,0.29622293,0.0,0.7560209,0.41769615,0.0,0.06990484,0.3702501,0.020298293,0.3932519,0.76719296,0.179363,0.32929584,0.017500844,0.19748563,0.3720738,0.3917373,0.2246122,0.009382999,0.31982628,0.0,0.13289864,0.2269339,0.13883741,0.008464475,0.0,0.0,0.0,0.37683922,0.15423271,0.29109773,0.50986385,0.5798355,0.65864575,0.0,0.0,0.0,0.26480216,0.0,0.0,0.26399767,0.35833228,0.20749608,0.16246776,0.27794057,0.32596534,0.047082394,0.0,0.25119656,0.6432446,0.37684244,0.36106136,0.45586932,0.0,0.08527568,0.0,0.74487066,1.0355871,0.0,0.38529405,0.4202933,0.5429527,0.0,0.6279153,0.61109614,0.0,0.0,0.46601042,0.0,0.0,0.8016353,0.35515574,0.0,0.0,0.6626354,0.12338937,0.20234317,0.11074162,0.19492522,0.29875055,0.34200764,0.58932847,0.7319782,0.0,0.9601212,0.24506311,0.07328522,0.41736263,1.0271077,0.0,0.0,0.21025154,0.15352282,0.11352811,0.1310045,0.6832662,0.44767442,0.28203723,0.0,0.24796958,0.28441793,0.4856654,0.34581596,0.0,0.042364344,0.28288198,0.71893,0.44403204,0.5754333,0.8611731,0.49352747,0.041216858,0.052276175,0.0,0.36985597,0.879521,0.0,0.32660058,0.5877127,0.0,0.65640163,0.17948017,0.37600672,0.12673922,0.7440929,0.63805145,0.0,0.08651223,0.3917929,0.059202794,0.37033266,0.4353824,0.17847732,0.26543123,0.715517,0.39245343,0.38596377,0.08480253,0.5990899,0.0,0.40865985,0.064872116,0.4649067,0.24871561,0.34381908,0.16461399,1.0171099,0.24173391,0.52580166,0.23976925,0.1733052,0.0,0.32211512,0.30427936,0.52719504,0.0,0.004691381,0.0,0.9352262,0.20430031,0.26378584,0.40468323,0.43455753,0.2652253
SH,0.48974243,0.42172748,0.32680136,0.0,0.09064373,0.11518252,0.11817056,0.110277265,0.0,0.49626228,0.07210785,0.098176844,0.38094732,0.0,0.33263656,0.0,0.0,0.48864335,0.24849689,0.0,0.25896397,0.7187496,0.24532184,0.26065007,0.2040788,0.050046187,0.24356838,0.43735954,0.32296467,0.0,0.0054931333,0.0,0.15042558,0.30003184,0.11559907,0.4585084,0.25363892,0.28883794,0.29841086,0.21224226,0.3392635,0.07277338,0.28310236,0.025477888,0.50150824,0.0,0.0,0.44107783,0.0,0.0,0.23987806,0.45555118,0.29080582,0.26768816,0.69811916,0.0,0.0,0.0,0.38384196,0.38729048,0.0,0.39542234,0.21538958,0.0,0.552802,0.27105367,0.242053,0.15348676,0.46385977,0.17114228,0.33009386,0.0,0.178497,0.13661754,0.30983338,0.49105743,0.20673949,0.6874118,0.37744018,0.21311708,0.09970528,0.05227979,0.36745095,0.39518118,0.43763196,0.39690647,0.04293955,0.27564776,0.56660366,0.1815052,0.28000906,0.0,0.055829782,0.15490702,0.33552763,0.0,0.677647,0.41505906,0.0,0.17245099,0.32535052,0.0,0.2702899,0.45487013,0.25567842,0.0,0.28375566,0.2154616,0.23888114,0.0,0.20657322,0.0,0.11422254,0.59456056,0.0,0.22858815,0.34428626,0.060865205,0.0,0.35669002,0.43793154,0.0,0.4386351,0.15237975,0.4480876,0.1223548,0.18700194,0.062877506,0.46775118,0.06344853,0.5558293,0.43279746,0.18506053,0.0,0.155815,0.17926198,0.2122021,0.3128122,0.04746317,0.010747889,0.0,0.44733185,0.04324456,0.6068331,0.0,0.0,0.0,0.103829354,0.44143853,0.06614466,0.6719298,0.15589267,0.29132527,0.40877587,0.067876175,0.5157413,0.15288962,0.39858553,0.19991873,0.24165554,0.0,0.06387003,0.0059058573,0.33582804,0.54344857,0.61841345,0.1776318,0.01015604,0.35298872,0.0,0.0,0.0,0.059722982,0.36705136,0.014986459,0.002668364,0.22177345,0.69916934,0.21095255,0.31141552,0.3413966,0.2450706,0.09847179,0.21076353,0.11826132,0.0,0.5268457,0.41609916,0.0,0.0,0.25339386,0.16843851,0.39150426,0.21088341,0.35684827,0.36277378,0.0,0.16955972,0.27365983,0.0,0.0,0.43808165,0.08175806,0.0,0.047424123,0.21872482,0.4041489,0.305032,0.25744373,0.13376658,0.060175654,0.36102608,0.27811825,0.0,0.0,0.0,0.20870568,0.5563385,0.012308927,0.2298699,0.38764524,0.06621413,0.18070035,0.31012025,0.5328457,0.0,0.1351246,0.07735835,0.08382177,0.0,0.21312112,0.0,0.0,0.42806906,0.0,0.1787253,0.5171521,0.08557097,0.20826006,0.46644822,0.0,0.0,0.53439426,0.26657212,0.17074208,0.045094706,0.55484045,0.4595173,0.343606,0.34471524,0.011233894,0.014997393,0.18346047,0.034747053,0.0,0.19037817,0.29892445,0.45384207,0.14743105,0.111999676,0.3296871,0.16817833,0.13653308,0.24312086,0.21822754,0.0,0.39908767,0.32817686,0.08384715,0.011774804,0.07858763,0.0,0.22086449,0.18136412,0.47932646,0.0480248,0.25371954,0.33026424,0.33388293,0.3304173,0.14129692,0.4434219,0.39362097,0.44071046,0.29777837,0.067347966,0.5155489,0.20297506,0.0,0.16564083,0.14936039,0.07194946,0.46588495,0.21683294,0.50232404,0.0,0.042776406,0.2411531,0.30974862,0.25242656,0.30297118,0.24450924,0.5222754,0.24421528,0.07666358,0.3592884,0.3570874,0.1766056,0.0,0.034596927,0.23452415,0.086202666,0.4368772,0.0,0.5182975,0.14443168,0.45896408,0.2001291,0.56024766,0.0,0.5451349,0.0,0.17041108,0.4572485,0.0,0.29910582,0.48281628,0.4111814,0.06561795,0.027845822,0.41394314,0.5393532,0.0,0.0,0.49331504,0.14312248,0.48469248,0.2600397,0.11306906,0.027548706,0.03926367,0.10373408,0.22940809,0.22018012,0.0,0.14350134,0.42006174,0.27532426,0.28215382,0.0,0.44424304,0.18303908,0.093566954,0.0,0.10194625,0.10958429,0.11346356,0.1668072,0.0,0.1207095,0.14655669,0.0,0.2306898,0.0,0.0,0.53070736,0.18399589,0.4857291,0.4685899,0.3419099,0.013186438,0.2110704,0.40546313,0.23753765,0.5646574,0.0,0.081578866,0.2553638,0.44217864,0.198788,0.08262299,0.21010426,0.0,0.0,0.024856389,0.1452125,0.25934714,0.0,0.15393375,0.0,0.31654322,0.118833214,0.2736475,0.5540435,0.0,0.010486746,0.5082771,0.060290333,0.0,0.37308088,0.12802254,0.0,0.0,0.2660171,0.0,0.0,0.1303479,0.34320483,0.0,0.0,0.15360284,0.22032425,0.29752454,0.23991089,0.4188547,0.32750326,0.12033671,0.29927087,0.13937867,0.2687709,0.30594072,0.21531458,0.41521668,0.23438045,0.5642306,0.0,0.13704216,0.44131568,0.43856743,0.046855137,0.0,0.12981685,0.11213536,0.228161,0.31573278,0.38246936,0.24418887,0.21462156,0.53528416,0.0,0.29858926,0.28333735,0.6009082,0.5665199,0.6216591,0.0,0.9086347,0.0,0.28120762,0.0,0.43290478,0.27815565,0.27149874,0.46695173,0.8843471,0.0,0.36708,0.17170224,0.22609061,0.0,0.22068003,0.546173,0.614878,0.17986718,0.2591692,0.19513889,0.23422393,0.2820169,0.11733474,0.0,0.09047468,0.22404292,0.3299699,0.21089683,0.13191582,0.0,0.2599835,0.3180207,0.17882466,0.21560338,0.23373519,0.0,0.6019382,0.43133247,0.3222786,0.44519782,0.30111045,0.07093336,0.3534631,0.31863934,0.2681618,0.0,0.028622705,0.0,0.22201298,0.0,0.015314706,0.0,0.122346394,0.12787646
sAMY,0.19088405,0.20192452,0.33239287,0.0,0.24394768,0.032499358,0.23489301,0.0,0.0,0.19048648,0.05994516,0.10011398,0.17566998,0.0023233034,0.1602849,0.0,0.0,0.14977707,0.28893998,0.03487708,0.28069052,0.108228765,0.3690222,0.08589494,0.0,0.112570316,0.14778711,0.14980689,0.13332313,0.0,0.11544514,0.0,0.20266296,0.17302035,0.0,0.3755482,0.32074872,0.060348295,0.27936563,0.13393329,0.05385925,0.21596242,0.22737142,0.020939382,0.12184304,0.0,0.0,0.30478698,0.10797753,0.0,0.27988747,0.18035446,0.017279208,0.15081857,0.2504789,0.1246041,0.0,0.0,0.4396191,0.22858968,0.0,0.39829153,0.22375587,0.0,0.21721624,0.17200944,0.042705394,0.21886344,0.059876356,0.26533067,0.41926587,0.0,0.25333458,0.099744834,0.16656588,0.32905614,0.27756864,0.23358697,0.27159595,0.21266402,0.07708939,0.0,0.15964629,0.14601132,0.093843944,0.28968194,0.05694139,0.22974215,0.4913868,0.090232104,0.20473167,0.0,0.15196384,0.0,0.073649175,0.031904817,0.44827065,0.2240753,0.0,0.0675408,0.28703582,0.19257927,0.0,0.097499564,0.42849314,0.09137671,0.35974675,0.0,0.24653761,0.38962752,0.16672167,0.067923434,0.0,0.34568453,0.019134305,0.18075989,0.053162005,0.15812631,0.0,0.26034176,0.23424178,0.10179004,0.017740313,0.009989547,0.29474908,0.38234305,0.05310137,0.019192746,0.21183746,0.22864676,0.3079621,0.48996204,0.0,0.11880775,0.20482065,0.08310619,0.037697278,0.0003965497,0.0,0.03814975,0.03750993,0.17950892,0.0,0.1612148,0.02679231,0.15811758,0.0,0.16959016,0.4489266,0.20324206,0.37009057,0.011288531,0.034873165,0.15659492,0.061206758,0.22236356,0.070750624,0.3238662,0.077820525,0.28309298,0.0,0.16946863,0.18702221,0.1099599,0.23682041,0.35346293,0.07298555,0.14844097,0.24283022,0.0,0.10986711,0.0,0.0,0.38909805,0.14984722,0.0,0.0,0.26389232,0.31754556,0.24670103,0.46647552,0.088590264,0.27809763,0.0,0.19252971,0.010222845,0.22326142,0.3395089,0.034967013,0.0,0.20346123,0.10522772,0.083011866,0.13171053,0.09394141,0.07406683,0.0,0.24352555,0.14055474,0.14941177,0.014123419,0.2777793,0.12525666,0.065512374,0.014626227,0.13273159,0.32226062,0.117034875,0.15578821,0.33576968,0.06831923,0.24604034,0.07348043,0.0,0.0,0.07231794,0.18782824,0.3579982,0.0,0.040609147,0.0,0.06245924,0.15180676,0.124606736,0.14273067,0.0,0.10895354,0.2482812,0.0,0.13555206,0.13022159,0.26402596,0.0,0.127486,0.0,0.054309376,0.29810122,0.12856513,0.0,0.46613827,0.0,0.0,0.3923929,0.15542836,0.14782472,0.03814683,0.1717385,0.13173549,0.061806653,0.3096603,0.0,0.06625249,0.11626833,0.0,0.0,0.17348011,0.10430272,0.22156307,0.3298749,0.016290456,0.18279111,0.22952604,0.04706226,0.23851626,0.25966057,0.0,0.261327,0.20701298,0.0,0.0,0.0,0.15593639,0.0,0.15123107,0.29783502,0.16870718,0.14477244,0.15314133,0.21259089,0.3401079,0.24572706,0.2491031,0.18239878,0.06544422,0.14755672,0.15461607,0.2748677,0.16360027,0.13264745,0.06020451,0.1001264,0.11136564,0.30735472,0.29882193,0.24167024,0.094938174,0.08332761,0.0,0.046703205,0.02590926,0.44944763,0.0,0.25711456,0.36552438,0.1453544,0.34067228,0.11036682,0.11224141,0.04099474,0.09599447,0.41569123,0.12121035,0.20162356,0.0,0.34023413,0.0,0.091090456,0.03544827,0.4404055,0.0,0.21273173,0.0,0.15250808,0.16914934,0.0,0.05402708,0.23686649,0.0244711,0.171631,0.15830338,0.1307188,0.27218336,0.0,0.0,0.2690725,0.17163797,0.68459487,0.29177368,0.23781751,0.16412984,0.012239318,0.20095962,0.1049944,0.1183794,0.0,0.18315713,0.36921543,0.135832,0.20554042,0.0,0.097173825,0.1117159,0.10687488,0.08011677,0.098528184,0.16736886,0.0,0.0,0.0,0.11592034,0.0,0.0,0.15710212,0.0,0.0,0.12296918,0.24352364,0.32022431,0.39678666,0.1515487,0.0,0.011974534,0.23324588,0.34100184,0.13865335,0.0,0.19622517,0.107456036,0.36293033,0.111906946,0.054659467,0.016110644,0.0,0.0,0.002015628,0.03486952,0.030303493,0.0,0.08883756,0.041457593,0.15609798,0.10749897,0.29490986,0.42590904,0.016625209,0.3120032,0.25843152,0.052589796,0.066692926,0.07460227,0.020232603,0.0,0.0,0.11245485,0.12728964,0.0,0.24643524,0.033345796,0.10740568,0.121470585,0.21294993,0.0667142,0.2267831,0.3335629,0.3238446,0.2070045,0.045706794,0.26919872,0.29778546,0.0,0.015085988,0.16818543,0.19166219,0.3336172,0.26835263,0.0,0.23007672,0.24636209,0.23037058,0.101372175,0.12341298,0.18804345,0.0,0.12569176,0.06040453,0.16017613,0.050605785,0.14639857,0.37575296,0.0,0.17183374,0.29172397,0.29560065,0.25989544,0.29645577,0.27336287,0.480877,0.23381704,0.34458762,0.0,0.34598765,0.07856868,0.13742141,0.35069758,0.5048225,0.0,0.21182369,0.20824191,0.21180663,0.14406724,0.09868133,0.30579042,0.34602097,0.13866699,0.12720491,0.20109648,0.2881306,0.12304986,0.22581194,0.033858288,0.12324129,0.17285904,0.39707428,0.0,0.20917387,0.0,0.23114423,0.19398183,0.23354599,0.1141614,0.15663494,0.107811995,0.42526305,0.32409954,0.0,0.103341445,0.12413667,0.0,0.10454798,0.33600733,0.15530266,0.0,0.11152531,0.0,0.12799014,0.0,0.0,0.0,0.007338457,0.036470763
PAL,0.20656449,0.19869709,0.33670306,0.0,0.08716575,0.31502098,0.1292711,0.111322045,0.0,0.3257646,0.0,0.04380337,0.19187683,0.0,0.44093972,0.22626324,0.17440927,0.3443877,0.15142544,0.0,0.24020168,0.28115553,0.19091505,0.20832929,0.0,0.25713673,0.048225645,0.2953515,0.33374253,0.0,0.13319583,0.14353174,0.43163556,0.37938076,0.0,0.5603618,0.48496294,0.1379405,0.23478074,0.1329057,0.10349455,0.3415965,0.23408681,0.12208396,0.18441862,0.10329715,0.0,0.55419147,0.0,0.0,0.34343293,0.15439287,0.09528346,0.2193896,0.10155243,0.19073695,0.0,0.0,0.70496386,0.11374009,0.054111537,0.44927266,0.36537316,0.0,0.30149853,0.37925655,0.24147525,0.1654181,0.4136206,0.57802904,0.08058125,0.0,0.17932928,0.061132886,0.37025386,0.42225987,0.005814314,0.38354456,0.36271885,0.20433275,0.16299848,0.0,0.57554966,0.0,0.49541888,0.16525227,0.0,0.018863663,0.38576588,0.19991225,0.09506439,0.0,0.049618315,0.20923334,0.1859468,0.10115767,0.19173038,0.39893955,0.0,0.14414442,0.06458224,0.005821678,0.26359046,0.20897399,0.15073422,0.09812333,0.20132443,0.11179753,0.40756062,0.5338056,0.25652343,0.24987465,0.0,0.51029265,0.0,0.27438238,0.048666917,0.0,0.119485244,0.36312923,0.059823662,0.060048427,0.1792863,0.15090305,0.45783067,0.49850065,0.35402614,0.0,0.36844736,0.13734598,0.12587127,0.46647274,0.0,0.23935243,0.19668865,0.0,0.23923679,0.17864548,0.0,0.2203847,0.017128862,0.07210889,0.0,0.0,0.17254037,0.13744983,0.09225433,0.2892348,0.55254984,0.0,0.56551266,0.28005135,0.11434119,0.020226695,0.02644934,0.49837455,0.14969185,0.28179857,0.03363471,0.23125459,0.0,0.41485983,0.13176478,0.23116662,0.24760564,0.28842813,0.24794716,0.031064581,0.2560306,0.41703537,0.36973605,0.06877751,0.2194962,0.7221305,0.3040357,0.0,0.0,0.28317055,0.4927614,0.1903545,0.25462788,0.2623705,0.20443803,0.36258012,0.0,0.14093031,0.37822407,0.5086735,0.2773677,0.0,0.46922693,0.21632509,0.10723184,0.11026087,0.16109616,0.12313896,0.0,0.33600357,0.0,0.13454112,0.17793235,0.34140787,0.12839413,0.22921321,0.24602063,0.05367481,0.45784155,0.21232016,0.032184217,0.49623385,0.08265917,0.31512585,0.0,0.08907278,0.0,0.22089297,0.09935287,0.6522435,0.065080635,0.047220595,0.24799646,0.0088546015,0.42032397,0.046038948,0.27597532,0.072014436,0.30352175,0.15657511,0.0003591776,0.15095946,0.08495002,0.24688849,0.0,0.0,0.0,0.16659482,0.26923135,0.0,0.07218425,0.4134352,0.0,0.0,0.47043732,0.065180615,0.06388348,0.0,0.0,0.04304313,0.0,0.14702745,0.0,0.5095378,0.13227096,0.11962467,0.23588319,0.35513866,0.34672388,0.17652671,0.29281804,0.002035778,0.50077903,0.23077962,0.0,0.4897383,0.36458233,0.0,0.22715539,0.30420607,0.0,0.05433048,0.08749472,0.34925303,0.15853928,0.3092325,0.3414545,0.10843794,0.4440042,0.2884908,0.09115971,0.3412313,0.30451182,0.20544931,0.19403702,0.115217105,0.34340173,0.30714658,0.23742586,0.04249299,0.1482649,0.3423577,0.13953358,0.12220404,0.4061654,0.38567126,0.06822127,0.25774837,0.22315481,0.047538526,0.108672164,0.25481382,0.3973447,0.0,0.4339544,0.23198998,0.13667448,0.5773743,0.2607682,0.24481128,0.28914377,0.24735759,0.7257704,0.009460662,0.0,0.0,0.51355183,0.20874554,0.006139295,0.117188804,0.33328635,0.0,0.26706672,0.0,0.0,0.39894825,0.0,0.019848384,0.24155022,0.027960937,0.12938274,0.18961257,0.11602006,0.08653851,0.13983259,0.0,0.060991902,0.21036486,0.63741606,0.31961483,0.091166094,0.48930115,0.27695203,0.0,0.17989369,0.23453717,0.0,0.34808746,0.599479,0.1899036,0.23113322,0.02215345,0.124400645,0.2502356,0.09628342,0.36670938,0.09950795,0.18762347,0.13990806,0.0,0.028608661,0.18571453,0.13348691,0.0,0.0,0.0,0.1380553,0.04306652,0.27076617,0.42750382,0.5852046,0.22266729,0.0,0.0,0.016813926,0.45944875,0.0,0.0,0.12072352,0.27537602,0.5304521,0.14906773,0.054583576,0.06457129,0.007156575,0.0,0.006155882,0.21841294,0.14891048,0.33523396,0.112077005,0.0,0.09738684,0.0,0.48356402,0.7946204,0.0,0.44148907,0.22406203,0.288204,0.030598028,0.5083157,0.24707012,0.0,0.0,0.41999987,0.03636128,0.0,0.5938675,0.19618542,0.0,0.0,0.56692874,0.026416339,0.21309415,0.17874895,0.2529776,0.27441254,0.26076406,0.4674771,0.5163419,0.0,0.50814223,0.089424744,0.06413336,0.46809605,0.5795573,0.0,0.012475189,0.22929934,0.19251743,0.095701896,0.0,0.5333791,0.056498606,0.10105995,0.0,0.052850015,0.16346893,0.4819746,0.24540962,0.0,0.01257829,0.2933363,0.34022784,0.33136177,0.34312302,0.5057331,0.46058863,0.1895917,0.11708517,0.0,0.37464085,0.33639067,0.0,0.44277412,0.32614356,0.0,0.5096648,0.11160588,0.21191314,0.19365437,0.29249826,0.44597226,0.009157233,0.06961875,0.27150857,0.0539707,0.30410534,0.25777918,0.12268148,0.10552861,0.43830657,0.32527685,0.31309113,0.06594727,0.3365392,0.0,0.3113012,0.035232287,0.4198349,0.15460761,0.3455984,0.14886391,0.6138601,0.29716542,0.1462521,0.11984144,0.054876603,0.0,0.13346805,0.32766518,0.32148102,0.0,0.07883139,0.0,0.4943919,0.15097633,0.13396868,0.22159863,0.044580527,0.10213315
VENT,0.40762657,0.43126842,0.3003776,0.23809189,0.17219639,0.2761168,0.0,0.24689831,0.0,0.93264574,0.0,0.4421663,0.0,0.018264633,0.65069455,0.7922526,0.21657322,0.16805084,0.35078108,0.19863956,0.18942313,0.34271887,0.562435,0.8577918,0.49681407,0.10885468,0.4515396,0.95272404,0.4050777,0.0,0.20886998,0.573813,0.22540234,0.6837656,0.0,0.2755389,0.24546085,0.7245789,0.20756908,0.085245416,0.4414969,0.3470966,0.23433396,0.25166628,0.642457,0.17396997,0.0,0.64567983,0.23142637,0.0,0.2047797,0.21570884,0.1304018,0.28304836,0.05161281,0.33715102,0.0,0.0,0.3501355,0.32759047,0.039976638,0.36371616,0.58662975,0.0,0.18878493,0.54921633,0.09175677,0.113043204,0.7126799,0.5175565,0.20922717,0.027140914,0.6739841,0.22128877,0.32446337,0.46201506,0.23975644,0.46047822,0.17298594,0.47465473,0.35888064,0.0,0.3030299,0.27861318,0.44588253,0.047849998,0.5110052,0.031177983,0.39470416,0.57167304,0.31581452,0.0,0.0,0.0,0.0,0.31380713,0.17509012,0.0,0.0,0.21582486,0.13926825,0.0,0.05030948,0.40243417,0.22886707,0.2264796,0.11556662,0.27074432,0.27529252,0.38530484,0.37117344,0.22748026,0.0,0.068847105,0.20406099,0.16469796,0.33733112,0.13406482,0.41418615,0.37812808,0.6874327,0.38391295,0.9036947,0.3104756,0.44748673,0.38223916,0.5647559,0.0,0.13379925,0.30745122,0.33004722,0.52779526,0.010970325,0.38869792,0.09951418,0.253434,0.4484865,0.34615564,0.099039756,0.8778166,0.03670873,0.08399979,0.5142183,0.0,0.71209455,0.0,0.39485076,0.38863006,0.16158275,0.0,0.32956225,0.6434004,0.8306462,0.44755316,0.0,0.41176257,0.3948636,0.19255653,0.18882696,0.12237401,0.0,0.8333177,0.020110046,0.23604695,0.15755887,0.36008355,0.30503768,0.0,0.41597015,0.51268446,0.28685835,0.0,0.46356383,0.38848245,0.15142623,0.0,0.07152304,0.0,0.4998066,0.0059045665,0.22188045,0.5592973,0.41758782,0.35161373,0.037434656,0.1520788,0.34393847,0.73679614,0.44666272,0.0,0.4648877,0.47997814,0.2712008,0.38048124,0.48842666,0.38963908,0.0,0.3781257,0.38542938,0.4910833,0.47505975,0.4981056,0.25091475,0.034720667,0.48522508,0.0,0.6030936,0.0,0.11594906,0.27778652,0.4244632,0.0,0.396554,0.1385379,0.0,0.27253163,0.111871526,0.77804434,0.4072746,0.33592433,0.51541215,0.34615386,0.8557915,0.24941891,0.76059496,0.3067492,0.0,0.36574924,0.0,0.0,0.56340414,0.19873586,0.0,0.060233112,0.0,0.0,0.28217977,0.17906469,0.24069393,0.5190579,0.0,0.0,0.700332,0.42310232,0.28842348,0.16592683,0.0,0.0,0.0,0.0014690589,0.0,0.5292004,0.1013184,0.5267535,0.17597173,0.6079676,0.8023831,0.24469908,0.42136016,0.24332534,0.50727254,0.37800053,0.46764725,0.76152694,0.3783481,0.0,0.4504255,0.6384461,0.23128493,0.5623792,0.74183524,0.5943937,0.0,0.40459582,1.0330684,0.43826017,0.15099964,0.28925994,0.38332695,0.50018793,0.41648212,0.099418715,0.6315636,0.16771588,0.30194706,0.41106823,0.33200604,0.22605099,0.20603257,0.5809655,0.0,0.023958692,0.65083003,0.41033924,0.13262676,0.43619412,0.34438896,0.6051885,0.7144348,0.0,0.18702748,0.41137257,0.44681546,0.41112602,0.43534023,0.29735494,0.658969,0.46599737,0.6002459,0.42653042,0.6430351,0.26650235,0.30558956,0.16415384,0.45860672,0.47822574,0.48160413,0.0,0.31358516,0.0,0.3035207,0.013266178,0.1873022,0.5648487,0.0,0.27851334,0.06577292,0.3812713,0.0,0.0,0.070520945,0.4571241,0.5448822,0.0,0.12362246,0.11382089,0.4400991,0.53015226,0.0,0.6441195,0.4469355,0.0,0.35923013,0.71257466,0.0417972,0.602722,0.49053565,0.54537517,0.0430313,0.14356208,0.5749789,0.8255664,0.16850255,0.5453164,0.25367582,0.63268757,0.22137554,0.38783404,0.8198824,0.663354,0.7117665,0.0,0.0,0.0,0.12250855,0.066748515,0.36413074,0.0,0.5275516,0.19121343,0.0,0.39390653,0.21490422,0.20522827,0.29916888,0.027816154,0.8133329,0.0,0.41310626,0.25594229,0.0,0.805619,0.20140699,0.0,0.25918403,0.454282,0.6082417,0.5211916,0.4262027,0.14891326,0.50692385,0.3246201,0.26170257,0.6017294,0.14918263,0.40146673,0.41430897,0.49082687,0.2468883,0.35111848,0.46254167,0.0,0.0,0.4821104,0.0,0.0,0.5732824,0.26000723,0.14303622,0.0,0.40474057,0.0,0.21082173,0.14310594,0.13311899,0.32476282,0.3776851,0.44817492,0.63382185,0.0,0.710242,0.056171484,0.5494516,0.34823936,0.30057606,0.20071314,0.19264948,0.17966221,0.46763098,0.48849386,0.47913343,0.4626741,0.5213511,0.16641933,0.0,0.6294867,0.82231003,0.49275085,0.5009163,0.0,0.23619837,0.14226058,0.26216233,0.27373984,0.073689274,0.4364555,0.24313018,0.35912618,0.09296085,0.0,0.31299916,0.13859181,0.37397686,0.45842648,0.55320495,0.0,1.1122978,0.43482336,0.68946904,0.0,0.29185364,0.0,0.20136207,0.08169133,0.65491664,0.0,0.09095234,0.63508344,0.29992002,0.0,0.1040218,0.92393804,0.42606264,0.0,0.45688877,0.0,0.2173356,0.060012694,0.3026148,0.7659156,0.4517802,0.36241952,0.44621956,0.24530779,0.36376348,0.20147581,0.0,0.0,0.15941565,0.26759362,0.34201708,0.0,0.22825015,0.27634254,0.73738974,0.30859035,0.5805577,0.1761533,0.24757019,0.36852837
SPF,0.3814536,0.51786953,0.516187,0.0,0.30011165,0.36583206,0.0,0.010701641,0.0,0.78020436,0.0,0.4222298,0.0,0.10365617,0.8293931,0.5037363,0.0522736,0.0,0.38590094,0.10343513,0.52897906,0.100631006,0.7644781,0.762681,0.0,0.057945397,0.09632566,0.8835085,0.24641338,0.085005246,0.22921717,0.34060794,0.12878454,0.9217817,0.0,0.34320602,0.27420855,0.65819657,0.27639896,0.1619412,0.47079298,0.23541383,0.32433486,0.28623265,0.5075756,0.09156058,0.0,0.7261357,0.21847798,0.0,0.36934465,0.2668771,0.11414759,0.2921286,0.0,0.1812564,0.0,0.0,0.666555,0.45075887,0.11602825,0.58646524,0.61707014,0.0,0.0772517,0.3294881,0.08540943,0.11159624,0.50242263,0.81055754,0.2813681,0.040839877,0.795047,0.14771101,0.37476817,0.6340964,0.19087473,0.2209988,0.23091112,0.40996033,0.32964927,0.0,0.38091314,0.34333453,0.3277916,0.19689168,0.5101211,0.0,0.7261477,0.53434235,0.30658734,0.0,0.0,0.0,0.0,0.45982787,0.24812809,0.188634,0.0,0.1878329,0.19598958,0.0,0.11207536,0.06527229,0.22189155,0.300946,0.32162312,0.14933193,0.28154686,0.641608,0.55668294,0.24317965,0.0,0.15262805,0.13813387,0.23387761,0.13414255,0.23682725,0.1674316,0.47044656,0.6569386,0.40313074,0.620183,0.28629246,0.57439286,0.70096797,0.38425723,0.0,0.51882994,0.40731686,0.36283103,0.59340006,0.0,0.34525564,0.39831457,0.34865576,0.5934258,0.32307646,0.0,0.6168726,0.0,0.00245908,0.44008353,0.08696994,0.49736664,0.020379532,0.3770618,0.50642216,0.44403592,0.0,0.47227016,0.39264256,0.55552375,0.3153742,0.0,0.49922726,0.43579295,0.34930885,0.22892794,0.29865974,0.0,0.714871,0.09614723,0.30615762,0.09498792,0.39533886,0.3290524,0.0,0.5632063,0.31865022,0.5244516,0.06320786,0.35657716,0.7005251,0.2809606,0.0,0.0,0.11362308,0.6697251,0.13544689,0.3387898,0.5668676,0.58536476,0.13819328,0.039310012,0.12054924,0.42500657,0.86045164,0.45071048,0.0,0.30921328,0.4989,0.28596622,0.24961257,0.3740996,0.24089995,0.0,0.46064645,0.17763114,0.28413054,0.41586432,0.3586162,0.2243011,0.15955079,0.18160598,0.0,0.73224527,0.07599929,0.041056696,0.31610355,0.36645514,0.0,0.15341306,0.09531446,0.0,0.123647384,0.15798716,0.96394277,0.00821493,0.32063866,0.3723278,0.30736265,0.7532628,0.190164,0.5625203,0.2730007,0.07558208,0.42799515,0.0,0.0,0.40624672,0.31598854,0.0,0.0,0.0,0.0,0.19521123,0.05141481,0.15770654,0.7231509,0.0,0.0,0.6474192,0.22833207,0.33446145,0.0,0.08897677,0.0,0.0,0.020336224,0.0,0.48519343,0.1533781,0.44222388,0.02483306,0.65483826,0.699264,0.16282532,0.46861723,0.33791104,0.44622526,0.5283589,0.10848883,0.60251445,0.4721137,0.0,0.5603566,0.6069254,0.0158343,0.24303624,0.41476882,0.71486616,0.0,0.303861,0.9614995,0.41430247,0.22478345,0.33297846,0.47836858,0.5721732,0.32637897,0.068385154,0.57852286,0.045261145,0.35957375,0.46658325,0.31802863,0.25953516,0.11546644,0.3690186,0.0,0.13593778,0.8325738,0.4170308,0.02668539,0.55400866,0.09819609,0.39260542,0.36999843,0.0,0.46018404,0.12843563,0.49666595,0.6930554,0.52182025,0.6392204,0.62992924,0.44543856,0.42884666,0.29911205,0.72063255,0.10616213,0.19191036,0.04129245,0.3708028,0.30682948,0.4544184,0.0,0.37156636,0.0,0.48945573,0.0,0.13961402,0.44679657,0.0,0.1543083,0.12137067,0.19441682,0.10077031,0.0,0.2333277,0.5574122,0.3866427,0.0,0.16137552,0.27275005,0.79674584,0.51385695,0.0,0.7136759,0.28723726,0.0,0.22195747,0.68755853,0.0,0.52077204,0.6598742,0.3996542,0.0,0.0337684,0.3974291,0.7056903,0.15268677,0.25764227,0.043011375,0.7285782,0.046158668,0.15375589,0.35391214,0.67034173,0.5822943,0.0,0.0,0.0,0.0,0.08075917,0.47345316,0.15506496,0.52749527,0.023664908,0.0,0.23344569,0.061209105,0.47637245,0.16227429,0.08315891,0.73716193,0.0,0.36829174,0.23678301,0.0,0.47913346,0.12333276,0.0,0.340006,0.39500034,0.4775123,0.35333994,0.37964106,0.0,0.3797796,0.49237642,0.34050483,0.83006454,0.28781107,0.4763877,0.42250237,0.35895503,0.30369756,0.19049457,0.33981544,0.0,0.0,0.45963183,0.0,0.0,0.60980016,0.14866914,0.05957361,0.017347459,0.27586702,0.0,0.25761664,0.2813741,0.1287121,0.2666371,0.3915609,0.32547048,0.83951205,0.0,0.62754446,0.062812656,0.38010257,0.5108528,0.4142518,0.03236094,0.16274193,0.24697037,0.46535844,0.32245776,0.25458503,0.45269936,0.44609553,0.4223193,0.0,0.66270655,0.60651374,0.4484128,0.6212297,0.0,0.30187497,0.088585675,0.15409943,0.33278385,0.28644642,0.45822755,0.41652006,0.6303202,0.12138406,0.0,0.48621425,0.09775965,0.35228065,0.6273097,0.76051587,0.0,0.92950183,0.3804348,0.88450426,0.0,0.5648353,0.02176448,0.11580969,0.12640685,0.6468057,0.0,0.14157198,0.6253108,0.5129967,0.2586918,0.030875076,0.8083846,0.572412,0.0,0.5452882,0.0,0.24282014,0.14382122,0.11609155,0.56403226,0.26032966,0.45376396,0.7146444,0.38529676,0.36219057,0.07749815,0.0,0.0,0.06486981,0.37198642,0.21779402,0.0,0.25102073,0.32674873,0.62438655,0.41755268,0.3447042,0.0003376007,0.013694383,0.006936036
SPA,0.2370568,0.47101358,0.4696542,0.14922488,0.51286703,0.15564486,0.0,0.0,0.0,0.7696379,0.0,0.33907512,0.0,0.0,0.5329206,0.15727365,0.12368859,0.0,0.41808835,0.22217195,0.5990062,0.07232111,0.90442586,0.7112478,0.1442193,0.008412842,0.30212635,0.8237713,0.06302049,0.0,0.14192481,0.08405717,0.001432918,0.68911284,0.0,0.30335736,0.2814176,0.6565684,0.33301097,0.1277396,0.35966504,0.15486254,0.17246464,0.18245062,0.56395465,0.0,0.0,0.53821737,0.39206094,0.0,0.13523433,0.41624832,0.16900423,0.33266515,0.080713436,0.0,0.0,0.0,0.33309424,0.6770744,0.07135309,0.52157986,0.55710036,0.0,0.013884652,0.099195056,0.0,0.19703351,0.49409816,0.50052035,0.42528644,0.0,0.692293,0.09843106,0.3064653,0.38535693,0.33492762,0.2234684,0.12852801,0.437948,0.156615,0.08097665,0.15457246,0.55296665,0.19476198,0.104658335,0.6140466,0.07195461,0.6903179,0.30970114,0.5913126,0.0,0.0,0.0,0.0,0.40597007,0.34480116,0.0,0.0,0.10051459,0.19971137,0.0,0.22116584,0.12236814,0.35893512,0.12312673,0.30218464,0.034584705,0.34775364,0.47853196,0.5315571,0.0,0.0,0.0,0.10787236,0.07881255,0.22980866,0.28322622,0.22027607,0.33492264,0.9264229,0.21280181,0.82113385,0.12653318,0.3521598,0.536547,0.20370673,0.0,0.31073764,0.2396766,0.5081113,0.54159254,0.03825473,0.2540012,0.4353528,0.37154603,0.4601685,0.35049808,0.0018222611,0.40945807,0.0,0.02068394,0.4683277,0.18257771,0.39848742,0.0,0.16653433,0.23814222,0.41278225,0.012157649,0.5731361,0.15168127,0.7121241,0.4724061,0.0,0.1682283,0.23974818,0.41634744,0.3668703,0.33829725,0.0,0.5406053,0.025718382,0.25611278,0.11148919,0.43164334,0.23578486,0.0,0.48797712,0.0,0.23317987,0.0,0.27831116,0.448098,0.21456034,0.0,0.039022014,0.071366236,0.54668397,0.07814646,0.46563196,0.4944655,0.53605837,0.0,0.125845,0.0,0.4580528,0.61971164,0.29087675,0.0,0.07506864,0.3108884,0.2486777,0.3472032,0.4272291,0.35061634,0.0,0.4687086,0.34432203,0.33957228,0.22291315,0.42505327,0.25789246,0.0,0.0,0.0,0.6504827,0.0,0.04890387,0.16688609,0.38331395,0.011651976,0.29033646,0.0,0.0,0.034822486,0.35048717,0.6637402,0.0,0.22906733,0.24325943,0.2765113,0.6820852,0.44429368,0.56879216,0.16344804,0.0,0.26439476,0.0,0.0,0.5520198,0.14891352,0.0,0.20931011,0.0,0.0,0.24186814,0.19655976,0.14215222,0.6838475,0.0,0.0,0.59414035,0.44055223,0.36694562,0.18024372,0.4123357,0.0,0.0,0.11998354,0.0,0.24559481,0.08229691,0.24966185,0.0,0.5723581,0.5933817,0.20417857,0.37413856,0.5607164,0.24646294,0.46307033,0.25368816,0.57105595,0.26828232,0.0,0.56953603,0.4448302,0.0,0.29779357,0.5497954,0.3420044,0.0,0.18473145,0.9321635,0.3833557,0.029646814,0.07860628,0.53119016,0.44201234,0.22742355,0.023577763,0.587726,0.12197628,0.16033062,0.24812777,0.32692686,0.28689677,0.08199414,0.29040527,0.0,0.0,0.66849434,0.20638251,0.1752878,0.42251882,0.0,0.7602103,0.59392875,0.0,0.37281382,0.31392828,0.48194882,0.6058144,0.48283648,0.32939094,0.49686077,0.32637316,0.19079457,0.24247256,0.4156928,0.19499977,0.24854517,0.09964099,0.38423634,0.118647255,0.47983134,0.0,0.40090343,0.0,0.36057362,0.0,0.43434027,0.24321182,0.0,0.19843829,0.048940506,0.17016412,0.05308769,0.0,0.25732324,0.84621567,0.37482524,0.0,0.16926163,0.16518182,0.7350882,0.5745004,0.0,0.4599782,0.13137521,0.0,0.17865363,0.7101037,0.0,0.39548153,0.39976826,0.39477682,0.06737052,0.07877244,0.5948278,0.67143583,0.0038040169,0.12227834,0.05987487,0.68823415,0.23669301,0.1128947,0.46577337,0.6129631,0.5920154,0.0,0.0,0.0,0.0,0.21343239,0.4093027,0.114314556,0.4084279,0.014041593,0.0,0.4110472,0.17197758,0.20218074,0.50469613,0.17508866,0.7052327,0.0,0.4289505,0.22771119,0.0,0.62659943,0.23606944,0.0,0.20299709,0.20975739,0.42495424,0.13879739,0.5013851,0.30131465,0.49377432,0.6546805,0.2287644,0.68025273,0.17968664,0.27500674,0.45708498,0.14949356,0.3127991,0.11588476,0.24841051,0.0,0.0,0.32730827,0.01702198,0.0,0.3789637,0.06044338,0.15574901,0.20885845,0.11848802,0.0,0.19609389,0.22567458,0.30071473,0.23671216,0.3066663,0.04593008,0.39065203,0.0,0.38513806,0.042394474,0.46205783,0.37429905,0.26521137,0.1822138,0.36450532,0.07424843,0.4138372,0.26243383,0.3240056,0.17775413,0.48173797,0.34031913,0.0,0.6869871,0.77213657,0.27436176,0.92739946,0.0,0.34537548,0.0,0.17835562,0.31449777,0.13099168,0.20381108,0.55632913,0.58191556,0.17207856,0.0,0.42962787,0.0,0.51742095,0.56357306,0.8874919,0.0,0.9755189,0.449002,0.74406904,0.0,0.39769503,0.0,0.31074354,0.0,0.42940608,0.0,0.096255064,0.53098196,0.27902493,0.08723783,0.0,0.7366887,0.66039836,0.0,0.3524201,0.0,0.3111271,0.14722936,0.065533094,0.59547216,0.35673833,0.38201573,0.42977488,0.5582182,0.26931205,0.12458104,0.0,0.0,0.016330283,0.261589,0.18937115,0.0,0.34038657,0.3328457,0.21690202,0.20982854,0.2098728,0.0,0.10606312,0.08117943
PP,0.5612822,0.40906808,0.5986015,0.06332299,0.2630654,0.41844043,0.0,0.40942165,0.0,0.36965442,0.0,0.3455512,0.0,0.026022803,0.7657675,0.77814287,0.1558789,0.09672219,0.39326218,0.0,0.24185601,0.32961875,0.51975024,0.7746846,0.020978937,0.43095073,0.294103,0.729446,0.6015503,0.027927168,0.17086779,0.69509363,0.3878671,0.6279369,0.0,0.33095405,0.18980418,0.7073109,0.40903494,0.033186574,0.43290216,0.41823748,0.12136005,0.18743624,0.5702487,0.22732016,0.0,0.8822163,0.39580497,0.0,0.29476956,0.2836348,0.26066774,0.06851983,0.17685993,0.45098248,0.0,0.0,0.59765404,0.5696369,0.040819127,0.5177702,0.5298235,0.0,0.015347846,0.6425709,0.15415488,0.22644012,0.6856591,0.7956753,0.19564526,0.32152653,0.45586678,0.2721051,0.45934656,0.49237895,0.3024377,0.42605463,0.26411495,0.368559,0.3585464,0.0,0.27409354,0.30582199,0.4690096,0.076739505,0.58140695,0.031850643,0.49753794,0.6599822,0.25838134,0.0,0.0,0.0,0.10640866,0.37862244,0.326725,0.30679166,0.0,0.3026266,0.040530354,0.05192506,0.0,0.4698999,0.32338643,0.19044496,0.10811143,0.39765593,0.4234683,0.38304856,0.4767758,0.049023792,0.0,0.3306563,0.3763848,0.22671191,0.10647433,0.27170202,0.53011644,0.6649578,0.34642214,0.19986588,0.56938136,0.4349164,0.6596545,0.5209415,0.5364296,0.0,0.26461565,0.51505506,0.29660094,0.38282847,0.0,0.54510534,0.29623672,0.24107365,0.40672076,0.439098,0.057742685,0.66532785,0.04696266,0.0,0.2758348,0.18374772,0.6121994,0.0,0.23055893,0.23711921,0.35909754,0.0,0.19762185,0.33455887,0.6922568,0.3411706,0.08042291,0.6405349,0.49948293,0.2651884,0.13361351,0.38869357,0.0,0.8893263,0.17499658,0.19264622,0.31359434,0.46214807,0.2737856,0.0,0.33959597,0.41890794,0.51191074,0.3059522,0.59910613,0.76329726,0.026253153,0.0,0.0,0.03115988,0.71309716,0.07380852,0.33746046,0.7352801,0.64066863,0.20377645,0.0034234263,0.27682745,0.38500997,0.93114114,0.44367892,0.0,0.6058737,0.3931101,0.1584011,0.20111376,0.55149883,0.4380036,0.0,0.61628073,0.21357866,0.6661857,0.7142518,0.3199792,0.47503862,0.043919757,0.65377516,0.0,0.70124584,0.12762904,0.04343878,0.47926682,0.24302123,0.052885808,0.28068322,0.1027396,0.0,0.28251308,0.0,0.9715739,0.3565942,0.36084616,0.4456001,0.34221226,0.670554,0.0,0.7469946,0.2913757,0.0,0.40520012,0.0,0.0,0.40512863,0.3898859,0.0,0.0,0.0,0.0,0.20482838,0.15051092,0.34575057,0.4106749,0.0,0.0,0.6932484,0.603397,0.39726722,0.23779066,0.0,0.0,0.0,0.0864533,0.0,0.5424341,0.0,0.34179017,0.26796535,0.7519984,0.6069269,0.35527924,0.6052481,0.050824758,0.5243002,0.43835133,0.15836589,0.7020616,0.5949444,0.0,0.531279,0.65015626,0.16046011,0.58232296,0.5315399,0.6152489,0.022767447,0.4948027,0.6916835,0.30554006,0.41184828,0.7362964,0.45148647,0.46490178,0.75130093,0.0,0.43502223,0.3186156,0.52519184,0.49775055,0.10620569,0.27420574,0.41531625,0.6252895,0.035940535,0.025456881,0.8462845,0.6513681,0.0034692762,0.3471317,0.5547496,0.404049,0.5359433,0.0,0.42098397,0.0,0.29028404,0.5845527,0.5336209,0.49759758,0.80420035,0.5967317,0.58437824,0.32129887,0.66073215,0.26904252,0.19617048,0.0,0.64532846,0.4077417,0.2566585,0.0,0.39060804,0.0,0.09170921,0.022411952,0.021896474,0.751744,0.0,0.14238341,0.12393977,0.3369903,0.13892674,0.18787828,0.35625613,0.4806202,0.33503878,0.0,0.13303308,0.34963042,0.69683224,0.6506813,0.028588649,0.7390358,0.5639547,0.0,0.7543572,0.40254366,0.0,0.40025005,0.5720537,0.71664643,0.06214903,0.15126696,0.45573515,0.8301239,0.11330862,0.5441863,0.2350696,0.50940937,0.09577536,0.26430938,0.6532978,0.92039174,0.765821,0.0,0.0,0.0,0.17345384,0.0,0.25656605,0.1273989,0.6358357,0.041654043,0.0,0.34549174,0.41831037,0.36139923,0.30880427,0.10025261,0.8133807,0.0,0.5337647,0.34325472,0.0,0.58118767,0.05892276,0.0,0.31661546,0.2933204,0.33877176,0.5198951,0.32088524,0.0,0.5177941,0.50962496,0.33289003,0.71923375,0.09942573,0.6096985,0.16442716,0.55438447,0.021360548,0.4515789,0.2583991,0.0,0.0,0.5611932,0.0,0.0,0.45351943,0.22780436,0.05972934,0.013227906,0.47793666,0.0,0.40811113,0.37079376,0.29034463,0.29582998,0.47792423,0.51552504,0.67650676,0.0,0.698536,0.072200365,0.42993551,0.28264043,0.48129898,0.20209627,0.2973897,0.2570316,0.32878217,0.5136448,0.29901505,0.44772792,0.6001375,0.1687687,0.0,0.4994381,0.55676514,0.66940033,0.44891897,0.0,0.281942,0.32745227,0.12820384,0.35644516,0.11072326,0.51764244,0.28178063,0.46746966,0.35289738,0.0,0.5137609,0.3148641,0.24637972,0.603144,0.39120853,0.0,1.103917,0.47965023,0.77765846,0.14529891,0.25163534,0.013497941,0.029918898,0.06654054,0.5846277,0.0,0.098900326,0.446572,0.42665485,0.0,0.0,0.9756837,0.3702065,0.0,0.5329756,0.0,0.15258133,0.23685193,0.34957623,0.77119726,0.50384223,0.23179033,0.46440557,0.53140527,0.37881356,0.17674361,0.0,0.0,0.08639937,0.35802287,0.51339334,0.0,0.18215868,0.07691049,1.0057782,0.3603406,0.53835225,0.22440231,0.22578385,0.2529652
GENd,0.49751753,0.27121443,0.3610423,0.27610442,0.26351634,0.20513023,0.0,0.2560223,0.0,0.81754595,0.0,0.3298075,0.0,0.0,0.5968235,0.59510976,0.14120743,0.18710215,0.33327132,0.21409316,0.18912905,0.45044553,0.5522041,0.80927837,0.6260963,0.11641784,0.531662,0.90607285,0.2800539,0.0,0.11309098,0.36118942,0.1704409,0.6888784,0.0,0.204474,0.11671455,0.84149134,0.3253788,0.14964102,0.49395263,0.27663696,0.23343506,0.15274096,0.6531144,0.15872839,0.0,0.54726624,0.491926,0.0,0.12294372,0.42215252,0.20105651,0.24300005,0.17804596,0.40464732,0.0,0.0,0.25674787,0.5477527,0.06932448,0.3107267,0.5504772,0.0,0.24859908,0.48708847,0.13422708,0.13882332,0.7425793,0.3668677,0.21363086,0.17225762,0.6212259,0.23706086,0.31348976,0.29913703,0.37202105,0.53791463,0.15499254,0.36331427,0.32455325,0.0,0.13048641,0.53035563,0.29065198,0.0033006892,0.55962634,0.25632462,0.3744075,0.49819028,0.33802357,0.0,0.0,0.0,0.0,0.26162684,0.3013438,0.0,0.0,0.15953268,0.2625542,0.0,0.10848431,0.48886997,0.35829556,0.18644471,0.10215982,0.22012235,0.22174633,0.27864853,0.39423677,0.0,0.0,0.031191023,0.42734453,0.03544622,0.4485913,0.16891271,0.37293205,0.3967513,0.8514036,0.28956142,0.97450787,0.29648218,0.4278625,0.2654592,0.6014836,0.02752066,0.0871054,0.2670578,0.511015,0.38802448,0.074048996,0.4056798,0.1982689,0.42695534,0.42967612,0.36323148,0.27403355,0.6867231,0.02574576,0.13492437,0.4101929,0.22825101,0.6755583,0.0,0.31953025,0.17474595,0.1492491,0.0,0.17915067,0.4989265,0.87526387,0.6348269,0.0,0.2789079,0.45787963,0.2938408,0.31539142,0.06827444,0.0,0.6098247,0.0,0.2732188,0.3138656,0.3577419,0.34346056,0.0,0.33477908,0.30905655,0.14014874,0.0,0.40537843,0.2346783,0.052886683,0.0,0.18918209,0.0,0.41466936,0.0,0.26148364,0.6271934,0.44575116,0.29390848,0.16397503,0.037871018,0.40025336,0.6286464,0.34691733,0.0065764952,0.27710173,0.3884783,0.3572066,0.38718835,0.56663156,0.47103086,0.0,0.3849285,0.60553646,0.4866701,0.50581384,0.46633345,0.2482698,0.0,0.31031156,0.0,0.5552416,0.04299269,0.15003754,0.24554959,0.5271981,0.0,0.58126813,0.087181225,0.0,0.17771356,0.137639,0.52788705,0.43113947,0.38529742,0.43372858,0.40111303,0.68537253,0.30039105,0.8181589,0.36381203,0.0,0.2970243,0.0,0.0,0.65687215,0.09018052,0.0,0.31372076,0.0,0.0,0.27452636,0.2804947,0.2934407,0.44248933,0.0,0.0,0.54827434,0.47276306,0.44533503,0.32507855,0.1626626,0.0,0.0,0.0,0.055724755,0.32870024,0.008346833,0.35974625,0.090372935,0.57070464,0.77491546,0.28314775,0.341842,0.26970488,0.3467739,0.48511952,0.4913672,0.6992434,0.3598732,0.0,0.3403525,0.69965947,0.40409788,0.6434396,0.68443197,0.32483885,0.0,0.45599857,1.0249001,0.40019706,0.0,0.29612502,0.42454314,0.3104755,0.39646572,0.025021596,0.6934878,0.23606816,0.1955139,0.29803482,0.3369852,0.274188,0.14494464,0.46018404,0.100936845,0.0,0.5489454,0.23547888,0.12704286,0.3231968,0.3564525,0.687556,0.77407056,0.0,0.17729165,0.46655282,0.44821835,0.415726,0.56692356,0.13804382,0.72106457,0.59228307,0.3511826,0.35919663,0.34629077,0.32558605,0.356601,0.10531818,0.37782094,0.30238768,0.5210505,0.0,0.2877978,0.0,0.28943557,0.03445611,0.25632942,0.570418,0.0,0.2540917,0.11144039,0.45680922,0.051038615,0.0,0.18753749,0.6592048,0.38606757,0.0,0.2066042,0.09040979,0.40844467,0.48218518,0.0,0.3861252,0.38891697,0.0,0.5435134,0.68103766,0.0016615149,0.31765035,0.3214564,0.48282087,0.04630817,0.13300008,0.61088115,0.6796451,0.13505287,0.2901875,0.22987436,0.6646687,0.20859243,0.40851048,0.8187896,0.6854961,0.70650274,0.0,0.0,0.0,0.04986301,0.076374546,0.2690613,0.021684993,0.33672255,0.15338486,0.0,0.5397335,0.3440491,0.070753016,0.53028274,0.124905035,0.7358365,0.0,0.30965626,0.39844844,0.0,0.9381607,0.23252657,0.0,0.30492204,0.2553904,0.6635433,0.25640693,0.60623217,0.34694573,0.64775413,0.5173464,0.29606798,0.4493969,0.06750196,0.21728869,0.3654487,0.3658603,0.13294372,0.3117558,0.33075923,0.0,0.0,0.3446944,0.0,0.0,0.30464682,0.2733391,0.21046571,0.09296526,0.16562651,0.0,0.3053764,0.2438243,0.13885981,0.28392503,0.39175093,0.29358208,0.3982386,0.0,0.61552346,0.09944469,0.63144624,0.1994408,0.23114647,0.40752274,0.29930243,0.1122303,0.5443219,0.39231706,0.6243956,0.24473162,0.67181873,0.118538864,0.0,0.66465384,0.862824,0.5744819,0.6466245,0.0,0.23867592,0.09396288,0.3529052,0.23476803,0.0,0.3239921,0.3826648,0.25203443,0.1313039,0.0,0.24776775,0.12367418,0.516311,0.40752494,0.55101573,0.0,1.0804095,0.54215884,0.6093556,0.0,0.08419195,0.0,0.3415199,0.0009904057,0.6344561,0.0,0.0,0.53255546,0.22172661,0.0,0.0,0.86589885,0.34053013,0.0,0.31298494,0.0,0.21221237,0.07878825,0.13359696,0.86970294,0.46873736,0.26305762,0.42103225,0.35669976,0.39457384,0.16806206,0.0,0.0,0.0946724,0.20178801,0.30276257,0.0,0.25645733,0.27734554,0.7855061,0.20074773,0.46234238,0.053975828,0.4098476,0.442118
LAT,0.408494,0.24004509,0.26027387,0.39750326,0.26861346,0.10738225,0.0,0.1941708,0.0,1.0335573,0.0,0.41194323,0.0,0.0,0.6165797,0.49088252,0.11589833,0.24836439,0.40635774,0.2981606,0.2256751,0.48642656,0.6260539,0.7702738,0.74929774,0.0,0.57296973,1.0449855,0.17533724,0.0,0.17345221,0.19538686,0.085040286,0.7396844,0.0,0.22982691,0.20759638,0.8375216,0.3114482,0.22393173,0.5058205,0.18313469,0.21665709,0.10692234,0.6923426,0.15109721,0.0,0.40442914,0.40626946,0.0,0.00082877604,0.42270124,0.17951794,0.3288545,0.12428059,0.331148,0.0,0.0,0.15177542,0.542976,0.032268587,0.2814297,0.45083332,0.0,0.31465113,0.42683637,0.12183322,0.12662981,0.75468355,0.1949768,0.28074518,0.02320328,0.74131566,0.21635127,0.2683353,0.21793784,0.31013647,0.52874625,0.1705239,0.4226833,0.29490417,0.042495716,0.13450246,0.53987724,0.34638762,0.06035815,0.5598519,0.24251862,0.3487036,0.43238068,0.4254095,0.0,0.0,0.0,0.0,0.18594983,0.34728202,0.0,0.0,0.12925029,0.3330301,0.0,0.10667543,0.4749967,0.42575628,0.20030613,0.09367207,0.16806906,0.16906998,0.27533367,0.37329704,0.035519123,0.0,0.0,0.3137251,0.0,0.47474986,0.21939537,0.31869432,0.26376244,1.0169944,0.3659834,1.1801962,0.23753826,0.30799863,0.2714665,0.5832692,0.0,0.05876238,0.17758933,0.5495588,0.4989639,0.14803667,0.2935865,0.15399338,0.3904152,0.40079182,0.31364864,0.32127053,0.7340546,0.016689159,0.14800373,0.45390713,0.17550163,0.64566207,0.0,0.32016394,0.22291721,0.09911669,0.0,0.28486568,0.5842637,0.8775045,0.7398705,0.0,0.15831271,0.3912761,0.32802904,0.36570606,0.02833841,0.0,0.6149625,0.0,0.3076643,0.28780073,0.29291165,0.39492744,0.0,0.33843857,0.20986518,0.05452854,0.0,0.40341288,0.13118726,0.122381,0.0,0.21931574,0.0,0.35715786,0.0,0.33918864,0.5149044,0.34356138,0.2950584,0.16982526,0.0,0.41188562,0.5342263,0.24775021,0.0,0.16489203,0.36745062,0.3656587,0.55875784,0.5002651,0.5288697,0.0,0.30755857,0.6650495,0.48981932,0.3914281,0.5355276,0.17003855,0.0,0.17300513,0.0,0.55473965,0.053537667,0.21686544,0.15677132,0.65592235,0.0,0.55901074,0.11204034,0.0,0.09731426,0.17645785,0.516442,0.39472768,0.30386198,0.3615034,0.4004963,0.77608186,0.46963614,0.84735507,0.3430768,0.0,0.20093895,0.0,0.0,0.72875935,0.054994576,0.0,0.40064588,0.0,0.0,0.28624004,0.24561107,0.19328466,0.50192875,0.0,0.0,0.6218471,0.49255067,0.48371017,0.25891334,0.28009444,0.0,0.0,0.03425604,0.039743356,0.3773793,0.09002837,0.38354874,0.08578639,0.5428671,0.84756655,0.24347037,0.2515359,0.3716642,0.32701415,0.39666778,0.5902455,0.7133214,0.2174871,0.0,0.35958618,0.62138146,0.31409344,0.590722,0.7448873,0.2864854,0.0,0.41226882,1.1197845,0.4567469,0.0,0.16043803,0.37781358,0.34200606,0.27584323,0.11486007,0.76446897,0.16752316,0.10944063,0.23551908,0.38945335,0.27213025,0.06940851,0.3997507,0.11518523,0.0,0.4765195,0.09820806,0.176694,0.29753375,0.2402258,0.8036814,0.8952997,0.0,0.12869959,0.66528857,0.5342953,0.35266864,0.49895477,0.10538074,0.6317077,0.5389251,0.3624443,0.36283013,0.37830976,0.2908902,0.41734314,0.19269446,0.219425,0.34629783,0.5913408,0.0,0.26528078,0.0,0.3692864,0.042782255,0.30255938,0.46556795,0.0,0.28189704,0.13490163,0.47178125,0.0,0.0,0.119523734,0.66952854,0.44531265,0.0,0.21836002,0.031698518,0.34734425,0.44855648,0.0,0.34133667,0.28481993,0.0,0.36931735,0.77794695,0.0,0.45292795,0.34152016,0.39057148,0.045524787,0.12951872,0.6696748,0.6922358,0.15608416,0.20947856,0.21082,0.73085994,0.19918801,0.4352303,0.84729624,0.5930795,0.6143544,0.0,0.0,0.0,0.030938838,0.15178901,0.35656372,0.0,0.22514538,0.16703174,0.00036896206,0.4967573,0.26726738,0.01654733,0.49660668,0.071624964,0.7308105,0.0,0.2228445,0.3882748,0.0,0.9937335,0.2563193,0.0,0.3103285,0.27223837,0.7562923,0.22218311,0.6821456,0.42768565,0.64224637,0.4880751,0.2973575,0.37282443,0.18861634,0.14754634,0.52710897,0.2782939,0.23586355,0.27163598,0.35465813,0.0,0.0,0.21699892,0.0,0.0,0.30821022,0.3051783,0.22228949,0.16481937,0.13780774,0.033382222,0.2355487,0.1445601,0.16413605,0.31650245,0.27111724,0.22247663,0.35388562,0.031404503,0.5691553,0.104461364,0.6723285,0.20124517,0.15779418,0.42566624,0.29336783,0.05974033,0.5553591,0.31100073,0.65805924,0.1946932,0.72747713,0.15266882,0.0,0.7380133,0.9520029,0.4898519,0.67119104,0.0,0.22541235,0.0,0.32036793,0.1941502,0.009361857,0.26800835,0.38513243,0.21146372,0.07895048,0.0,0.22723982,0.14653417,0.61021394,0.3112831,0.70825183,0.0,1.0591564,0.5490001,0.4999392,0.0,0.09893943,0.0,0.4758476,0.0,0.5856444,0.0,0.02765832,0.5710139,0.104740545,0.0,0.05069903,0.73559535,0.4037596,0.0,0.27592802,0.0,0.22993809,0.096461445,0.16952273,0.88073856,0.48620242,0.29386583,0.44774887,0.34644055,0.42781147,0.13346626,0.0,0.0,0.11034988,0.15698527,0.20383425,0.0,0.31582078,0.3861349,0.57022107,0.1955837,0.4321146,0.025857374,0.39002934,0.3957031
ATN,0.24249552,0.4800061,0.3160606,0.16977699,0.31663117,0.19981912,0.0,0.051327437,0.0,0.94416666,0.0,0.42689648,0.0,0.030750345,0.54953605,0.5205165,0.25735202,0.07551282,0.42214814,0.24148776,0.35818744,0.13023975,0.71118045,0.78119206,0.31544578,0.022726383,0.35068262,0.8748429,0.29356447,0.0,0.24221031,0.38663864,0.18629603,0.66824913,0.0,0.2548247,0.2590518,0.70658875,0.27707055,0.036096055,0.35523874,0.2835472,0.24935889,0.25452292,0.56614316,0.08896803,0.0,0.5280661,0.20373084,0.0,0.1401909,0.200444,0.09764664,0.38456917,0.0,0.13999099,0.0,0.0,0.32665563,0.38516995,0.02674253,0.40175307,0.5389601,0.0,0.1052957,0.34556377,0.0,0.16509603,0.5444127,0.55599225,0.2978318,0.0,0.7363659,0.07837357,0.22095603,0.4605209,0.24491155,0.27754912,0.14056459,0.5172241,0.25239086,0.0057563754,0.21354418,0.32709205,0.32871202,0.14380975,0.55759335,0.0,0.5340136,0.45359594,0.43517774,0.0,0.0,0.0,0.0,0.38298407,0.2628899,0.0,0.0,0.12983614,0.16634087,0.0,0.13988373,0.17544979,0.24266757,0.15279432,0.19170499,0.2621929,0.30399996,0.5226829,0.38768277,0.19882384,0.0,0.052844785,0.08545917,0.103326194,0.2459281,0.18177645,0.35784578,0.26420045,0.77801096,0.39784604,0.8877758,0.19937922,0.4331741,0.49560523,0.29697385,0.0,0.17848015,0.23118134,0.3296269,0.5440031,0.0,0.3897,0.22001468,0.23061363,0.46940774,0.3268016,0.029078322,0.75421566,0.007449803,0.026326634,0.5471795,0.0,0.6445981,0.0,0.28627297,0.38701525,0.29244614,0.0,0.46245635,0.44713423,0.70847136,0.41391098,0.0,0.3055252,0.31185478,0.29309648,0.22020282,0.20699653,0.0,0.7568993,0.03268095,0.24017014,0.06741533,0.3254865,0.25739124,0.0,0.49028975,0.33043545,0.2735847,0.0,0.44341204,0.40309805,0.22428752,0.0,0.049250577,0.0,0.5705964,0.038913976,0.39332268,0.4660362,0.46730128,0.24749446,0.113240495,0.0372191,0.36683872,0.668262,0.39823547,0.0,0.32114407,0.41031873,0.24616577,0.3484912,0.46025336,0.2464369,0.0,0.41082275,0.29032463,0.49121138,0.36382982,0.4582328,0.2625353,0.047997937,0.32424974,0.0,0.5914596,0.0,0.07411709,0.19606815,0.42361614,5.7386234e-05,0.27232775,0.08676496,0.0,0.21783103,0.24203707,0.7396678,0.21857978,0.30115557,0.366442,0.32081565,0.8587534,0.28527722,0.6476594,0.23534124,0.0,0.33892685,0.0,0.0,0.58359355,0.1902557,0.0,0.093795575,0.0,0.0,0.22404039,0.1701827,0.15958272,0.6240271,0.0,0.0,0.76043165,0.39858645,0.33563292,0.14701572,0.17016478,0.0,0.0,0.07727866,0.0,0.4483009,0.1487355,0.43236926,0.15117396,0.5431171,0.7309842,0.24129339,0.41148505,0.428054,0.41302928,0.45256755,0.40289992,0.69882077,0.36070496,0.0,0.54730886,0.5229858,0.13429384,0.41833812,0.7072483,0.5331836,0.0,0.384486,0.97726554,0.41397175,0.15352237,0.15609024,0.4359653,0.53093827,0.3161702,0.11049475,0.5694494,0.09089487,0.2538126,0.41099283,0.314359,0.21036708,0.1284954,0.45305288,0.0,0.036403753,0.6618413,0.35018274,0.20394972,0.39731094,0.1949226,0.7081521,0.696142,0.0,0.18934086,0.3556222,0.4513833,0.5432976,0.41140354,0.33764008,0.5129296,0.3625409,0.4419192,0.32409874,0.6098206,0.09128003,0.3126928,0.20913255,0.32388264,0.38895994,0.5181005,0.0,0.35542667,0.0,0.275648,0.0,0.2366445,0.35854745,0.0,0.16671681,0.10021381,0.260742,0.0,0.0,0.09988373,0.55680865,0.6093765,0.0,0.07459594,0.16823801,0.60135376,0.5911422,0.0,0.61976016,0.32074487,0.0,0.16817562,0.65804005,0.0,0.59744096,0.50408447,0.5381346,0.022691417,0.12635897,0.53961676,0.7884643,0.06237402,0.41321412,0.16426747,0.62967664,0.26204896,0.28204703,0.6290515,0.63649315,0.58640695,0.0,0.0,0.0,0.0,0.104124025,0.35693035,0.048669863,0.451671,0.10017292,0.0,0.33836994,0.14686316,0.24274841,0.29816824,0.10830304,0.7945405,0.0,0.48855573,0.16851892,0.0,0.7307699,0.22393432,0.0,0.19127637,0.41479474,0.49999547,0.39078146,0.4630652,0.23082834,0.46088403,0.37572744,0.27618527,0.5661772,0.1787781,0.38511762,0.39129946,0.38062426,0.26046893,0.26239786,0.3486155,0.0,0.0,0.46961144,0.0,0.0,0.58822477,0.15870215,0.10514827,0.14208911,0.31584758,0.0,0.24471363,0.17372327,0.32296115,0.23363103,0.26405635,0.25725287,0.5628108,0.0,0.5844313,0.055907056,0.48634356,0.41858625,0.318846,0.1512974,0.21878137,0.14704719,0.4269345,0.40160602,0.39631814,0.36748442,0.48604867,0.18449084,0.0,0.59063804,0.8611498,0.41067702,0.70319635,0.0,0.27089056,0.088100664,0.16079664,0.3220573,0.12539391,0.3605884,0.36238313,0.5136087,0.09672799,0.0,0.37727627,0.02958244,0.3946359,0.5856804,0.67275566,0.0,1.0149658,0.41467136,0.76870006,0.0,0.36296964,0.0,0.25673538,0.12704392,0.5087963,0.0,0.09233515,0.6252537,0.29300514,0.0,0.0,0.8143307,0.5762018,0.0,0.42696503,0.0,0.2781342,0.081981555,0.20905618,0.66251415,0.39953655,0.37795272,0.45120272,0.35323513,0.20589525,0.1774822,0.0,0.0,0.087416336,0.27273163,0.28041092,0.0,0.3698477,0.30261654,0.45218158,0.28400737,0.47983503,0.06257116,0.15637141,0.17321673
MED,0.18052931,0.48678556,0.3093307,0.25084314,0.44728702,0.09998793,0.0,0.029272825,0.0,1.0893779,0.0,0.42468792,0.0,0.0,0.6440106,0.44941276,0.21443309,0.05377919,0.5300529,0.3137649,0.437782,0.19580087,0.83204216,0.7819976,0.4257077,0.0,0.40700594,0.99858356,0.20252194,0.0,0.28900284,0.24096411,0.13107048,0.81186825,0.0,0.30421248,0.24074332,0.8292096,0.33270246,0.13553347,0.39616928,0.1780026,0.22348,0.2914651,0.7039498,0.13100147,0.0,0.46296632,0.22041744,0.0,0.07353275,0.34415203,0.2335953,0.4358765,0.0,0.09602207,0.0,0.0,0.19011605,0.58801705,0.039087545,0.42472544,0.5013555,0.0,0.06793981,0.2285474,0.0,0.18328045,0.6522154,0.4720139,0.38269895,0.0,0.8827909,0.058183186,0.23495327,0.4159746,0.2763927,0.28121153,0.18211964,0.53395355,0.28860235,0.04659995,0.19526817,0.4879189,0.34089515,0.22105464,0.68199795,0.0,0.6047496,0.419662,0.5424989,0.0,0.0,0.0,0.0,0.35075974,0.3472242,0.0,0.0,0.11314379,0.22561224,0.0,0.17364673,0.13422738,0.32118303,0.18842755,0.21191287,0.16034494,0.33441055,0.5055641,0.41107342,0.115751795,0.0,0.0,0.047670342,0.11972027,0.25722474,0.21039739,0.31687123,0.119489275,0.99864495,0.37039554,1.1102079,0.19552657,0.32156345,0.501066,0.26058438,0.0,0.19448757,0.19102576,0.46065313,0.6390334,0.027739614,0.35293895,0.29183108,0.26761103,0.50905824,0.35452968,0.06368941,0.7024233,0.0,0.0,0.6135955,0.02004489,0.7232587,0.0,0.28425315,0.2971889,0.2955917,0.0,0.57623523,0.44712123,0.7888487,0.6538736,0.0,0.22421913,0.2928068,0.34585404,0.2828252,0.16495906,0.0,0.7662983,0.003482407,0.276079,0.086809084,0.3316901,0.27913484,0.0,0.56108356,0.19535735,0.24773237,0.0,0.45058706,0.3450637,0.2275696,0.0,0.047004316,0.0,0.5613068,0.048925024,0.43797794,0.4838938,0.48203635,0.15952289,0.12612265,0.0,0.41135502,0.6597018,0.37647945,0.0,0.25671133,0.4445809,0.32385916,0.502722,0.53080195,0.35858056,0.0,0.44294176,0.3567121,0.5205522,0.29415825,0.5431899,0.2940631,0.0,0.2280554,0.0,0.6486459,0.0,0.0857359,0.20890415,0.52581763,0.0,0.32108214,0.035626087,0.0,0.14855711,0.30054575,0.71853834,0.17749539,0.3201291,0.33640367,0.36850917,0.9321533,0.44213054,0.71747625,0.18672937,0.0,0.3283401,0.0,0.0,0.6671494,0.12047938,0.0,0.21388793,0.0,0.0,0.27423728,0.24351782,0.08098176,0.7175793,0.0,0.0,0.84965247,0.4668247,0.39514047,0.20457064,0.33752048,0.0,0.0,0.08932741,0.0,0.43231785,0.15704173,0.38581786,0.17741522,0.60327727,0.7977806,0.22637749,0.35339716,0.5382767,0.31296808,0.40055034,0.41348752,0.6906778,0.26744783,0.0,0.65248185,0.4761944,0.12657551,0.45737368,0.7346268,0.4963273,0.0,0.35845867,1.0924654,0.43203655,0.015339568,0.1072948,0.49265337,0.54819703,0.260692,0.10658403,0.6792885,0.1352292,0.15434848,0.36445966,0.36549604,0.2002241,0.1153926,0.41728434,0.0,0.0,0.7119351,0.27724275,0.2476966,0.41543323,0.11188361,0.86285,0.75765747,0.0,0.19425055,0.4837444,0.5828224,0.5370984,0.47683656,0.2954439,0.53367466,0.38377827,0.38194892,0.28839698,0.58238494,0.18648107,0.3786092,0.25499302,0.27180994,0.3986653,0.5339501,0.0,0.3433444,0.0,0.3402602,0.0,0.39892057,0.32013837,0.0,0.2274957,0.06991285,0.31128025,0.0,0.0,0.15575263,0.67110044,0.63397855,0.0,0.14173122,0.13091657,0.5816901,0.6565979,0.0,0.55555797,0.2317186,0.0,0.17297776,0.79538906,0.0,0.6283891,0.5057398,0.5004618,0.06297906,0.14729762,0.6730012,0.84861374,0.07975809,0.27934232,0.108356684,0.72273,0.23078248,0.24257329,0.7273828,0.698174,0.65107834,0.0,0.0,0.0,0.0,0.17752458,0.3907934,0.061455783,0.40992558,0.12124821,0.0,0.3547444,0.15918913,0.10293145,0.41764078,0.09257415,0.89801216,0.0,0.4374147,0.18607245,0.0,0.8690423,0.27658483,0.0,0.1847556,0.36875328,0.5992501,0.28390253,0.58197814,0.36909187,0.5307988,0.4600241,0.24545999,0.5340002,0.25358763,0.3210801,0.5144792,0.30632338,0.2953716,0.20104906,0.34993154,0.0,0.0,0.41734937,0.0,0.0,0.5376062,0.14726178,0.12982325,0.19653066,0.21662253,0.0,0.18101546,0.19739002,0.37469482,0.22870913,0.21545821,0.16431491,0.47943988,0.0,0.6262604,0.09663057,0.53672004,0.39462158,0.35327548,0.20081758,0.23918873,0.075458854,0.466707,0.32154158,0.4230126,0.28107995,0.5916067,0.25542918,0.0,0.7320941,0.99151486,0.31575418,0.8058602,0.0,0.35161242,0.0,0.17447908,0.35346234,0.12360857,0.33641922,0.44019654,0.48003328,0.109471925,0.0,0.3707841,0.039341,0.48803273,0.5888634,0.84240586,0.0,1.1496091,0.44462848,0.8084639,0.0,0.4070628,0.0,0.37256318,0.062757425,0.50264084,0.0,0.12200443,0.7163105,0.2194294,0.025398627,0.0,0.81770813,0.6456557,0.0,0.4872321,0.0,0.28327486,0.17770265,0.17570032,0.79711974,0.38624042,0.402905,0.42983323,0.4419561,0.25504255,0.18751363,0.0,0.0,0.082095124,0.29043385,0.24100827,0.0,0.4667896,0.38005123,0.33625138,0.25078237,0.47811842,0.015556537,0.1495809,0.20026919
MTN,0.1031403,0.5391031,0.4240183,0.01894796,0.5088199,0.12975873,0.0,0.0,0.0,0.93326575,0.0,0.3545467,0.0,0.034008007,0.5633888,0.26406503,0.15874346,0.0,0.5031522,0.27199185,0.71777153,0.0,0.9796039,0.6769324,0.0252928,0.0,0.19665517,0.783485,0.11514171,0.059437484,0.24493377,0.05562871,0.10701235,0.8667241,0.0,0.28704128,0.29529434,0.65185624,0.2898873,0.17304613,0.26811582,0.15499268,0.2893784,0.27509066,0.555824,0.0,0.0,0.5299723,0.086747125,0.0,0.179028,0.2290793,0.09874031,0.5123137,0.0,0.0,0.0,0.0,0.42086583,0.50808203,0.063903734,0.5839903,0.5270107,0.0,0.0,0.10571915,0.0,0.20126656,0.33179566,0.6617218,0.432203,0.0,0.915682,0.0,0.23846887,0.53500336,0.18753755,0.060695216,0.16277424,0.5051179,0.17826484,0.0,0.2718593,0.49406445,0.34803078,0.32018384,0.6168836,0.0,0.76694924,0.39080483,0.46935514,0.0,0.0,0.0,0.0,0.4707769,0.3322072,0.06147331,0.0,0.1569607,0.19858804,0.0,0.1804845,0.0,0.28328365,0.15506542,0.41001534,0.10605012,0.3411115,0.6690141,0.48498172,0.228387,0.0,0.0046429057,0.0,0.14591725,0.10239391,0.29481736,0.16031903,0.18268685,0.8885477,0.39333844,0.8085464,0.06763128,0.401261,0.72273964,0.029165745,0.0,0.39286488,0.21934025,0.45131817,0.6930839,0.0,0.24410906,0.4188617,0.23402344,0.47503084,0.30456722,0.0,0.52111787,0.0,3.1860545e-06,0.53067225,0.08135497,0.51742107,0.08278191,0.20866394,0.45206317,0.45424932,0.0,0.70585394,0.1622665,0.5815823,0.46344626,0.0,0.28516844,0.24600685,0.41458768,0.24451512,0.30693525,0.0,0.602075,0.07730685,0.26741862,0.015976474,0.3645053,0.1820414,0.0,0.6465951,0.12684883,0.32792315,0.0,0.3500506,0.5037731,0.34106383,0.0,0.0,0.0,0.7536264,0.1305304,0.5364374,0.38768226,0.6293067,0.0075553935,0.19342248,0.0,0.3477205,0.7834115,0.3727162,0.0,0.13355675,0.50605905,0.26045138,0.40325683,0.36344305,0.22527468,0.0,0.3952013,0.17753656,0.374787,0.12726171,0.4173535,0.2422863,0.049683668,0.0,0.0,0.7422009,0.0,0.13027461,0.23693755,0.41006392,0.07879239,0.011601113,0.0,0.0,0.059567727,0.3374623,0.78182954,0.0,0.22482796,0.20687047,0.2668823,0.76541156,0.3310557,0.46715185,0.0879114,0.01442983,0.3249753,0.0,0.0,0.5327773,0.21878949,0.0,0.07249437,0.0,0.0,0.28246245,0.10342554,0.048650283,0.9263457,0.0,0.0,0.81540215,0.22301388,0.36550385,0.03798399,0.31502643,0.0,0.0,0.2229514,0.0,0.35720098,0.21632624,0.3902453,0.0,0.492954,0.68142617,0.033939593,0.31094572,0.58418566,0.24169016,0.41672677,0.18185313,0.5806697,0.30464405,0.0,0.633525,0.38556337,0.0,0.1398443,0.47095388,0.5328394,0.04061696,0.13468176,1.0193884,0.42463526,0.21153662,0.052369606,0.5024061,0.6641776,0.11793144,0.17702465,0.54321045,0.013589287,0.1769418,0.35293028,0.32900533,0.1719454,0.035839953,0.2968191,0.0,0.12275373,0.8087821,0.3964048,0.16461422,0.5116954,0.0,0.6624944,0.4405535,0.0,0.39490634,0.21457398,0.4966356,0.67490923,0.3463704,0.46265703,0.38803175,0.18678276,0.2877275,0.20430878,0.6634655,0.039986987,0.26665688,0.23562592,0.2938198,0.28220358,0.45656866,0.0,0.37089998,0.0,0.36365816,0.0,0.34732336,0.14864708,0.0,0.09016975,0.0961526,0.17869872,0.0,0.0,0.17568001,0.6240763,0.5507993,0.0,0.16760798,0.28639305,0.8433397,0.5504473,0.115196206,0.56213295,0.060017217,0.0,0.0010903021,0.77846444,0.0,0.675866,0.58971417,0.37395886,0.18492278,0.035443634,0.49599576,0.6918285,0.05208138,0.26831797,0.0338018,0.71345586,0.15714432,0.03290666,0.31943545,0.592731,0.44467753,0.0,0.0,0.0,0.0,0.2427471,0.49843025,0.19275808,0.4366086,0.07558245,0.0,0.14815699,0.0,0.35069457,0.25170657,0.09731217,0.7401314,0.0,0.49664617,0.15489529,0.0,0.5419366,0.19570151,0.0,0.22094563,0.30444667,0.4259938,0.17598963,0.39494923,0.10548862,0.36763728,0.438866,0.2661056,0.65543056,0.25847253,0.32716206,0.44652054,0.08959089,0.39200154,0.05501693,0.24204642,0.0,0.0,0.43268886,0.0,0.0,0.5582809,0.09486635,0.03231022,0.15434869,0.20899147,0.0,0.12841004,0.35825932,0.36467037,0.15128331,0.14336261,0.087232955,0.5673208,0.0,0.4316965,0.055849884,0.37401867,0.5843104,0.33529517,0.06452184,0.31856936,0.18790753,0.36546832,0.21359465,0.17650253,0.30944082,0.32568398,0.35864872,0.0,0.6234289,0.7114161,0.3273271,0.906064,0.0,0.38833803,0.0,0.10028581,0.38117382,0.29787824,0.2501851,0.51122224,0.63942283,0.11477031,0.0,0.43502596,0.0,0.41183147,0.69984674,0.8845489,0.0,0.9547275,0.42121872,0.86832446,0.0,0.5160701,0.0,0.27178273,0.1265604,0.46798822,0.003325387,0.16483662,0.69346714,0.38781753,0.278583,0.0,0.7280385,0.69749314,0.0,0.4424646,0.0,0.3059897,0.2344802,0.07785326,0.6050109,0.2755519,0.47718695,0.5528118,0.54277647,0.15603217,0.113160565,0.0029210635,0.0,0.09375264,0.33137235,0.079671815,0.0,0.40361837,0.3376882,0.16023496,0.27454317,0.29674935,0.0,0.0,0.0
ILM,0.23720126,0.416682,0.30720672,0.26765487,0.38019475,0.1022312,0.0,0.05706644,0.0,1.0754408,0.0,0.37569442,0.0,0.0,0.66543704,0.4931954,0.18879668,0.08318498,0.49555293,0.2980829,0.3750353,0.24744047,0.8122486,0.79817134,0.4699848,0.0,0.43229765,0.99802226,0.20698994,0.0,0.25460225,0.23648235,0.11559531,0.7742848,0.0,0.30283144,0.25331014,0.84554255,0.3251662,0.15126903,0.38607693,0.1657223,0.22280857,0.23092741,0.7340055,0.1230961,0.0,0.46510005,0.25362122,0.0,0.07265571,0.3492391,0.22783084,0.41176552,0.0,0.13453412,0.0,0.0,0.19289318,0.5905518,0.016820695,0.43008983,0.49663457,0.0,0.10790703,0.30559915,0.0,0.17718045,0.69587725,0.4486313,0.35482812,0.0,0.8304946,0.10064038,0.2381414,0.4054944,0.29744625,0.32968488,0.14496921,0.5436469,0.27601188,0.043474477,0.17698084,0.49336573,0.35049793,0.18286687,0.6590161,0.027373321,0.5555629,0.4541537,0.5400659,0.0,0.0,0.0,0.0,0.34226698,0.34516117,0.0,0.0,0.1483303,0.24655029,0.0,0.11947422,0.21693395,0.31799436,0.20135269,0.2197024,0.16586684,0.31218633,0.4580271,0.38675398,0.07777786,0.0,0.0,0.10275442,0.12166106,0.3030653,0.22456995,0.32159224,0.16803092,1.0088814,0.36570016,1.09491,0.20965198,0.313928,0.47597572,0.32992992,0.0,0.1778167,0.21762179,0.48696247,0.6332571,0.033147387,0.36110035,0.2705068,0.29960346,0.47975796,0.36213952,0.06653948,0.7213442,0.0,0.026616864,0.5915404,0.057973668,0.7007293,0.0,0.31431115,0.2802215,0.25460634,0.0,0.4975652,0.47991356,0.8329052,0.6720057,0.0,0.21189441,0.3297472,0.32235143,0.30311644,0.11513078,0.0,0.7567622,0.014730966,0.23367111,0.11943148,0.3567635,0.3209291,0.0,0.50178015,0.22156933,0.24811502,0.0,0.46230543,0.34808218,0.21105847,0.0,0.05554564,0.0,0.5631935,0.05483752,0.42963448,0.5389425,0.49091128,0.16741979,0.13118179,0.0,0.39949524,0.6621157,0.35337192,0.0,0.28694078,0.4427246,0.31342146,0.5134938,0.5332277,0.43460292,0.0,0.4437927,0.41257727,0.53641164,0.31360093,0.53631544,0.28409618,0.0,0.2163537,0.0,0.6291495,0.0,0.09910632,0.21201107,0.51646954,0.0,0.37702107,0.023079138,0.0,0.12402295,0.24703692,0.73857856,0.23594768,0.31908345,0.36089212,0.38517678,0.92254466,0.41216126,0.7716556,0.22472209,0.0,0.3048184,0.0,0.0,0.6723586,0.11146989,0.0,0.22339815,0.0,0.0,0.28907216,0.24589269,0.12276301,0.6925141,0.0,0.0,0.8083841,0.48773736,0.3945589,0.2029581,0.29619703,0.0,0.0,0.091480285,0.0,0.42819405,0.10892584,0.39440513,0.16095139,0.6296851,0.8415744,0.24405809,0.36919215,0.48364237,0.32553092,0.39210707,0.44000253,0.7207284,0.28126785,0.0,0.56933355,0.5475235,0.1125644,0.51742375,0.7425987,0.47413126,0.0,0.36448607,1.1379724,0.4526982,0.041283563,0.14907211,0.49965695,0.5388396,0.29094705,0.10820152,0.67077076,0.15820754,0.15737766,0.31177863,0.36374313,0.21128973,0.11984558,0.43088287,0.018837394,0.0,0.6924948,0.27135316,0.23484461,0.41366392,0.11550982,0.8306087,0.7994836,0.0,0.1706059,0.5185201,0.5907724,0.5183833,0.46381217,0.27109665,0.55671394,0.38589782,0.4285709,0.28149095,0.5664079,0.25143746,0.37184685,0.23247114,0.31343657,0.3897247,0.5594888,0.0,0.34755254,0.0,0.35751104,0.0,0.383221,0.36027205,0.0,0.23700973,0.06260651,0.3708999,0.0,0.0,0.18010077,0.7016769,0.58872193,0.0,0.1477328,0.13392107,0.53750426,0.64578956,0.0,0.4799363,0.22915857,0.0,0.2595484,0.8056581,0.0,0.6133969,0.5159668,0.48140374,0.054823037,0.130948,0.6934454,0.8631975,0.12671643,0.27791214,0.13477361,0.7714276,0.21551938,0.27793092,0.7854155,0.68412274,0.6647656,0.0,0.0,0.0,0.0,0.18713795,0.42996085,0.051541973,0.39992213,0.113694854,0.0,0.36528245,0.15303084,0.1140241,0.45422828,0.09835297,0.87383485,0.0,0.39910012,0.22217958,0.0,0.89522564,0.27528763,0.0,0.22107363,0.33185944,0.63576376,0.30702248,0.56931996,0.36585975,0.57610756,0.47077158,0.23012163,0.54040974,0.25698772,0.33254308,0.5188312,0.32053024,0.28370374,0.2328963,0.3579842,0.0,0.0,0.38417903,0.0,0.0,0.49829862,0.15152387,0.14416248,0.20122904,0.20539108,0.0,0.19707425,0.1899915,0.33487654,0.25102577,0.21476734,0.19260064,0.501724,0.0,0.63252956,0.08311137,0.55282044,0.3488939,0.30458552,0.24665762,0.28208154,0.08622952,0.48493096,0.34923267,0.4657047,0.27494448,0.62172604,0.2343655,0.0,0.7362434,0.9860456,0.3583049,0.7710733,0.0,0.31155705,0.0,0.1618472,0.32681566,0.09422645,0.3495087,0.410487,0.45077053,0.10488921,0.0,0.35022643,0.04344259,0.5283254,0.54488915,0.8294613,0.0,1.1914692,0.4859842,0.7532008,0.0,0.3555476,0.0,0.37694737,0.042376146,0.52544945,0.0,0.0999428,0.7119198,0.23376222,0.0042580366,0.0,0.8534326,0.591748,0.0,0.46816522,0.0,0.25631952,0.15692541,0.17813301,0.843725,0.40273345,0.39265952,0.4176272,0.41160643,0.3255595,0.15810363,0.0,0.0,0.11865039,0.28376618,0.2286232,0.0,0.40525988,0.37564778,0.40172556,0.25809523,0.4688152,0.032924347,0.17526963,0.24485499
GENv,0.34201247,0.34798306,0.5116145,0.06953559,0.20899507,0.23820673,0.0,0.15021394,0.0,0.590686,0.0,0.19842143,0.0,0.01593278,0.64412975,0.75766325,0.20158215,0.16287579,0.28851297,0.0,0.2985309,0.3455131,0.60753196,0.6889238,0.11735738,0.13553682,0.13757147,0.8348516,0.3745236,0.015951555,0.11716574,0.40373757,0.2793568,0.6843576,0.0,0.4304295,0.17325614,0.630627,0.29534024,0.12479821,0.24636303,0.24271168,0.12782237,0.21209404,0.58034676,0.14137712,0.0,0.71387947,0.17123295,0.0,0.24140503,0.26337558,0.1853854,0.27962238,0.08279907,0.18964492,0.0,0.0,0.4312945,0.43862453,0.036224317,0.5187251,0.4397737,0.0,0.0,0.52866375,0.14597493,0.06105404,0.7168856,0.6989613,0.20833774,0.12790631,0.53821284,0.18521044,0.4179385,0.4444712,0.2187351,0.4912228,0.08800127,0.3951164,0.24501014,0.0,0.42475832,0.33140898,0.50340825,0.042980928,0.38098028,0.0,0.48947546,0.56734836,0.25525853,0.0,0.0,0.0,0.03205328,0.22844762,0.25611448,0.2311935,0.0,0.3023947,0.09853749,0.0,0.06446816,0.34569436,0.056581378,0.17417525,0.12795621,0.27193695,0.43607688,0.3109599,0.41243985,0.21311018,0.0,0.14185745,0.086819656,0.14394954,0.10715668,0.14915316,0.3165059,0.49167746,0.5341156,0.17267594,0.63326526,0.24917698,0.4876813,0.4755234,0.40751833,0.0,0.30529174,0.2646474,0.37756246,0.5469815,0.0,0.4014971,0.23622449,0.18606068,0.25077435,0.42020652,0.103076,0.65191704,0.0,0.0,0.3728436,0.031462096,0.58123523,0.0,0.3281934,0.3188664,0.24754965,0.0,0.38197142,0.4172881,0.6839625,0.33918422,0.0,0.53218126,0.34396303,0.27313182,0.1955589,0.23948188,0.0,0.7455726,0.14937651,0.20028812,0.23375423,0.40274495,0.25993732,0.0,0.39789653,0.40462357,0.44794965,0.0,0.5955005,0.61657816,0.13252781,0.0,0.0,0.045557782,0.63864,0.03987662,0.24179971,0.7221853,0.58179194,0.28995115,0.0,0.15121485,0.34674406,0.8210149,0.31169093,0.0,0.40272874,0.416044,0.29954913,0.38424265,0.51610506,0.47904345,0.0,0.46288303,0.20049089,0.3997628,0.448863,0.39414024,0.3545291,0.16116531,0.42136884,0.0,0.63728803,0.028799826,0.021593,0.4205623,0.22131869,0.0066101085,0.16205528,0.0,0.0,0.22850147,0.07111641,0.94223166,0.28098023,0.20722716,0.55927765,0.26106855,0.70373726,0.06925813,0.66078645,0.277261,0.0,0.3398357,0.0,0.0,0.45339975,0.1526179,0.0,0.0,0.0,0.0,0.33903548,0.0669494,0.19668968,0.5234788,0.0,0.0,0.7112415,0.34481603,0.33393228,0.056617998,0.0,0.0,0.0,0.10970471,0.0,0.52684915,0.021595478,0.4075755,0.116421066,0.6433092,0.6158238,0.1965321,0.33680844,0.15711145,0.46442273,0.20791978,0.2287502,0.7367494,0.3959028,0.0,0.44991574,0.57041895,0.004338255,0.35405612,0.41560367,0.46019128,0.0,0.2556209,0.91615784,0.3443932,0.3622534,0.4328078,0.402844,0.5007468,0.44214305,0.0006874781,0.4691472,0.19291876,0.34661403,0.374627,0.22208297,0.15236348,0.18526755,0.53977334,0.0,0.0,0.7916471,0.49340945,0.0,0.41973552,0.16064107,0.46396717,0.5337947,0.0,0.26368213,0.10790129,0.53433704,0.34284508,0.26197952,0.4233236,0.7053371,0.4329083,0.6241304,0.12006534,0.65806687,0.2657114,0.065167926,0.0,0.6265839,0.41733876,0.27545607,0.0,0.4278344,0.0,0.21650748,0.009092884,0.1246466,0.5283473,0.0,0.1641049,0.020443197,0.3337711,0.0,0.074286364,0.21439269,0.3941696,0.41513088,0.0,0.14572217,0.27214512,0.6026037,0.55487055,0.0,0.5066118,0.35057664,0.0,0.5119497,0.71431863,0.0,0.5534099,0.5792022,0.48094958,0.1373617,0.11815837,0.4948372,0.79159325,0.1003173,0.46794242,0.23147383,0.4981318,0.058013316,0.25449252,0.6001961,0.71087396,0.7422719,0.0,0.0,0.0,0.0,0.020643417,0.33907583,0.21249747,0.5960521,0.1657666,0.0,0.23364633,0.22658193,0.2672347,0.3310219,0.1025279,0.7605376,0.0,0.5140993,0.2946587,0.0,0.5294329,0.21798575,0.0,0.26242894,0.2057629,0.5626153,0.44201353,0.21890451,0.0,0.50406003,0.2869586,0.23295535,0.76008236,0.14737861,0.4232256,0.28670892,0.39045364,0.1446393,0.33797112,0.28581518,0.0,0.0,0.46223918,0.0,0.0,0.5231238,0.20080172,0.0,0.0,0.39172164,0.0,0.18869445,0.31438637,0.12426412,0.24610798,0.35162216,0.3553648,0.5865001,0.0,0.72006506,0.03917692,0.42136365,0.31591472,0.36610958,0.049657688,0.27428347,0.29027486,0.3405689,0.45085698,0.10146667,0.4821638,0.45872998,0.29807803,0.0,0.54842937,0.5747404,0.5481255,0.41562602,0.0,0.18721692,0.21723104,0.18217671,0.32729888,0.17464213,0.36346444,0.34088513,0.40450478,0.14079547,0.0,0.34027302,0.26225957,0.24392857,0.5323081,0.5711696,0.0,1.1309304,0.36418292,0.6280263,0.004915855,0.41986132,0.07369087,0.09190495,0.0,0.6626739,0.0,0.05245211,0.55813384,0.27468413,0.13667667,0.057896156,0.90074754,0.31576297,0.0,0.45057952,0.0,0.07490936,0.12281597,0.22312514,0.64699274,0.37927777,0.28256327,0.43394712,0.43976063,0.43255106,0.07506764,0.0,0.0,0.15639608,0.33555305,0.23451678,0.0,0.06931092,0.18159068,0.77794015,0.30165642,0.3572129,0.23456955,0.008201472,0.3082514
EPI,0.3214187,0.56843674,0.5987818,0.018001132,0.50635326,0.23704407,0.067214414,0.0,0.0,0.75279707,0.0,0.32045278,0.0,0.102108,0.7044155,0.59518605,0.118407,0.0074556572,0.43910038,0.094313174,0.67216814,0.1317941,1.0548226,0.8656506,0.0,0.0,0.16028754,0.9568042,0.27142206,0.09879378,0.13098143,0.22546229,0.20990017,0.95031714,0.0,0.37372437,0.2557579,0.70664436,0.38768005,0.09557201,0.33964023,0.15635948,0.2828033,0.24728179,0.6753455,0.0,0.0,0.72434855,0.15552859,0.0,0.19579291,0.31452072,0.13849036,0.5040157,0.032259062,0.0,0.0,0.0,0.56079584,0.62447196,0.07223815,0.74452955,0.531432,0.0,0.0,0.38426083,0.0,0.124496326,0.60129184,0.8581302,0.36359996,0.049956087,0.7816253,0.10762248,0.41204777,0.55350226,0.3542732,0.30420676,0.16084693,0.5268732,0.19800809,0.0,0.34916088,0.5801738,0.42627898,0.21137102,0.6721725,0.0,0.8133225,0.5646219,0.46587476,0.0,0.0,0.0,0.0,0.3847872,0.42886236,0.08662412,0.0,0.36180997,0.13490991,0.0,0.15128036,0.11676039,0.17369832,0.12730415,0.42817083,0.26601514,0.48859823,0.46549904,0.5429461,0.12507662,0.0,0.07489298,0.0,0.100554936,0.20329888,0.36037132,0.22961792,0.5585217,0.9061427,0.3590957,0.7247292,0.039169468,0.5154889,0.7189608,0.13067871,0.0,0.41237247,0.3261017,0.5518455,0.7106982,0.0,0.39708495,0.45395052,0.32423347,0.42384988,0.5639827,0.085205466,0.6150917,0.0,0.0,0.59140366,0.07783869,0.530072,0.0,0.27974084,0.47913072,0.446683,0.0,0.63626635,0.18534458,0.7038841,0.3469618,0.0,0.4011298,0.2978809,0.4521444,0.28648436,0.43091315,0.0,0.7453961,0.22227074,0.295869,0.2225671,0.51846665,0.3675571,0.0,0.5790661,0.14556722,0.4011753,0.0,0.48492673,0.6127304,0.24741472,0.0,0.0,0.08519179,0.8490029,0.071106434,0.4951938,0.71881706,0.8257933,0.07269401,0.11347622,0.0,0.47887745,1.090831,0.33746523,0.0,0.21846491,0.5659807,0.33245525,0.4344331,0.58836985,0.33589235,0.0,0.48877144,0.12342656,0.49839535,0.28434268,0.41633242,0.3711454,0.13048822,0.15927352,0.0,0.8964908,0.0,0.019102875,0.31387714,0.31189767,0.07060802,0.11715788,0.0,0.0,0.15674171,0.25808656,1.0526837,0.0,0.22340927,0.4629312,0.25066888,0.7657942,0.21937482,0.6977366,0.2856371,0.0,0.39499593,0.0,0.0,0.615305,0.249966,0.0,0.0,0.0,0.0,0.36550078,0.060777925,0.27565727,0.85401434,0.0,0.0,0.91188866,0.37142634,0.4669336,0.0,0.29394582,0.0,0.0,0.17747569,0.0,0.52549213,0.054106824,0.44243848,0.0011378461,0.7043945,0.7229644,0.11814157,0.36151108,0.5609388,0.33662748,0.4186608,0.2368246,0.77716637,0.34325576,0.0,0.62790793,0.58994544,0.0,0.23373154,0.5580274,0.50222,0.0,0.3203581,1.1780571,0.48411137,0.33698782,0.36643723,0.61989766,0.6655491,0.4136962,0.05301808,0.56132317,0.119005896,0.4046782,0.37442067,0.28520197,0.21619922,0.09028371,0.37021393,0.0,0.059876762,0.9544267,0.5634058,0.15639041,0.64318776,0.0,0.75164783,0.5130181,0.0,0.33602914,0.14321661,0.53948617,0.72216725,0.35241902,0.5089044,0.70044476,0.40855396,0.4599877,0.13695851,0.6545905,0.13895878,0.106388494,0.04736411,0.55452615,0.23571,0.40540636,0.0,0.5206337,0.0,0.28123027,0.0,0.23307315,0.35016572,0.0,0.09705397,0.069926396,0.28500688,0.025424857,0.045154504,0.2930742,0.67191464,0.5279836,0.0,0.20906545,0.36507648,0.9585395,0.6844315,0.097433016,0.6840381,0.19806096,0.0,0.35220852,0.88434994,0.0,0.67851424,0.6684176,0.55700564,0.15849215,0.00871294,0.5662525,0.8305153,0.06459758,0.40801367,0.18025415,0.66971153,0.09821192,0.12951028,0.4382015,0.8444274,0.76012194,0.0,0.0,0.0,0.0,0.14877918,0.3859561,0.25478753,0.54138505,0.0,0.0,0.22239618,0.16642794,0.46552354,0.4330083,0.13990737,0.8207687,0.0,0.6340688,0.2776269,0.0,0.552834,0.25506702,0.0,0.2974768,0.20179102,0.6212951,0.16215369,0.3417612,0.0,0.6349004,0.69127226,0.3349958,0.8268994,0.2089646,0.32752782,0.47205922,0.21232454,0.40004098,0.20496085,0.30148476,0.0,0.0,0.57999915,0.046580542,0.0,0.5911645,0.14598377,0.0,0.0,0.27880383,0.0,0.22003675,0.44228047,0.28660187,0.1575404,0.35837716,0.18160078,0.7643179,0.0,0.6767476,0.02446017,0.43280607,0.4888694,0.32979473,0.041234873,0.41027746,0.29339322,0.3398596,0.45422012,0.1260524,0.30108044,0.36705896,0.3885453,0.0,0.71305007,0.76413727,0.54234624,0.8668722,0.0,0.32241055,0.111497186,0.13510613,0.5116235,0.3207315,0.16605246,0.6067239,0.6619945,0.19914031,0.0,0.5856854,0.0,0.45148483,0.827192,0.83892155,0.0,1.1367515,0.54696286,0.9906824,0.08654107,0.5658125,0.0,0.27575406,0.023524769,0.7269374,0.0,0.15215668,0.7092951,0.4244776,0.28957784,0.0,0.9877192,0.5777478,0.0,0.4627707,0.0,0.18011385,0.2347681,0.13757017,0.7477153,0.3519615,0.49088457,0.55918545,0.7138347,0.38679907,0.04310086,0.0,0.0,0.14567293,0.38457996,0.14108504,0.0,0.28671533,0.29151085,0.52485627,0.41626343,0.3112502,0.0058598295,0.0,0.012991417
RT,0.41169757,0.4764463,0.38004792,0.06558964,0.040154777,0.46386355,0.0,0.29878622,0.0,0.7687741,0.0,0.36916408,0.0,0.03708001,0.73602366,0.9593908,0.24032994,0.24425085,0.22395693,0.06440827,0.27304018,0.35073972,0.36512393,0.7982645,0.1293328,0.18921767,0.16399513,0.76892537,0.50107944,0.060660638,0.25105387,0.6528093,0.3142822,0.7620953,0.0,0.51206076,0.2786166,0.57020324,0.22802387,0.12346223,0.35949078,0.37216017,0.27718022,0.33747953,0.53976953,0.22541714,0.0,0.8056929,0.0,0.0,0.36429727,0.1366501,0.22272377,0.19716991,0.14368562,0.30460885,0.0,0.0,0.6143481,0.25840127,0.028122429,0.48056817,0.56952965,0.0,0.22698641,0.51251477,0.27251837,0.097886056,0.66529197,0.7837701,0.13425238,0.098790646,0.6146725,0.21339694,0.3161151,0.63168836,0.01043316,0.51643443,0.20262398,0.37045813,0.44814324,0.0,0.50813586,0.0,0.5657362,0.25235566,0.21009803,0.0,0.5210784,0.66138685,0.12685698,0.0,0.0,0.008386129,0.014730459,0.2574503,0.06415865,0.39243266,0.0,0.19782968,0.024438702,0.0,0.027269632,0.2490188,0.0,0.26804358,0.12840837,0.2346702,0.4592812,0.5277252,0.41196465,0.45612144,0.0,0.28256816,0.0,0.4608949,0.15604636,0.0,0.31747565,0.39401898,0.31108832,0.30243278,0.64308673,0.44667912,0.4915738,0.5967679,0.61092734,0.0,0.29386473,0.3083105,0.20275867,0.5067286,0.0,0.42515153,0.08101541,0.03440532,0.3633377,0.29014808,0.0,0.8019334,0.035152417,0.0,0.32321897,0.034673586,0.70461136,0.03518093,0.4001284,0.51934826,0.29461226,0.0,0.453185,0.7201336,0.4278753,0.24886464,0.0,0.6786253,0.4487927,0.15609531,0.060188223,0.11034471,0.0,0.8140382,0.08490098,0.23643287,0.17449868,0.3462222,0.14014158,0.0,0.41271544,0.7055702,0.6984901,0.09940169,0.50096,0.76768434,0.32123935,0.0,0.042212658,0.043949276,0.57031816,0.13931365,0.1064455,0.57382673,0.39615783,0.531691,0.0,0.31067383,0.33879474,0.870906,0.54509246,0.0,0.6382067,0.46709818,0.23455006,0.25788277,0.41837013,0.3487929,0.0,0.38049167,0.109989405,0.41658416,0.48184678,0.4977472,0.19145721,0.23266366,0.6537697,0.0,0.54498523,0.0,0.14260606,0.47619691,0.22151321,0.119923726,0.114919,0.20580974,0.0,0.30318844,0.08514781,0.9999942,0.2635467,0.27189857,0.6963008,0.2159004,0.8979762,0.064967915,0.5872909,0.29723585,0.19357647,0.46242273,0.0,0.029137006,0.31452596,0.24532202,0.0,0.0,0.0,0.00896004,0.22968997,0.0632891,0.12850867,0.44834706,0.0,0.0,0.752533,0.15693243,0.06255303,0.0,0.0,0.0,0.0,0.0,0.0,0.7144564,0.24165115,0.47486186,0.34119442,0.6022021,0.66974473,0.2034407,0.39044428,0.015666068,0.6235149,0.24248993,0.12057311,0.67180943,0.5933591,0.0,0.54694253,0.63980395,0.10782855,0.33665013,0.49917173,0.8322575,0.16328828,0.42999867,0.8851523,0.31709304,0.31841877,0.32507125,0.2585509,0.5982166,0.39026514,0.15567976,0.46387047,0.2821427,0.36075643,0.5308213,0.32734174,0.11145364,0.2840129,0.70325536,0.03177999,0.20897993,0.7895631,0.55801976,0.0,0.46563783,0.2648192,0.28641695,0.37590522,0.032707147,0.27397537,0.09615718,0.50958186,0.2897884,0.30459625,0.598177,0.6204182,0.5013664,0.72081304,0.27040502,0.93160594,0.20380475,0.1349622,0.0,0.63672876,0.5698854,0.3013182,0.0,0.33340466,0.0,0.41396913,0.0,0.05726883,0.6689733,0.0,0.18470043,0.14591102,0.2288776,0.0,0.0019180402,0.14261533,0.2038967,0.5040204,0.0,0.06692691,0.22260198,0.54932636,0.5991878,0.0,0.7691243,0.5087342,0.0,0.3123254,0.6198748,0.025668303,0.6599689,0.66423845,0.48159385,0.12221268,0.10266523,0.34562388,0.6741202,0.34925756,0.5361523,0.17827797,0.526041,0.086598806,0.23253348,0.5581267,0.5856033,0.64437413,0.0,0.0,0.0,0.18305549,0.0,0.5557968,0.12230596,0.7636339,0.42130023,0.0,0.1295818,0.07962374,0.30569288,0.055887643,0.0,0.6381866,0.020435639,0.39646628,0.16037408,0.04944947,0.4967343,0.09149249,0.0,0.2670284,0.47933075,0.46878457,0.6262772,0.22330858,0.0,0.3875514,0.08583136,0.30348724,0.91662955,0.119679295,0.65575117,0.34074578,0.48424277,0.16025709,0.41587505,0.50128746,0.0,0.0,0.55799884,0.0,0.0,0.7155339,0.24240667,0.0,0.0,0.6200405,0.0,0.10533163,0.23987247,0.09124173,0.22207908,0.36750266,0.5567814,0.8394251,0.0,0.90514815,0.10477649,0.4140842,0.40756968,0.5395553,0.0,0.052388784,0.33882272,0.29186964,0.49854177,0.18051001,0.74403995,0.2775934,0.16940787,0.0,0.4775136,0.5389125,0.4751407,0.19101205,0.0,0.20295191,0.24736533,0.21736966,0.28503728,0.30454,0.55133504,0.1932522,0.41316897,0.03589588,0.0,0.29349974,0.37730017,0.09873277,0.4543773,0.5477468,0.0,1.0265658,0.2593765,0.69208056,0.0,0.5915685,0.24497882,0.009547994,0.16235965,0.70749986,0.0,0.1851677,0.6070719,0.31473538,0.10972221,0.29590005,0.8815626,0.43726656,0.0,0.6267891,0.0,0.1541596,0.011986185,0.38197264,0.60319513,0.31027216,0.33286992,0.5882827,0.18198365,0.38030186,0.21175757,0.0,0.0,0.1523317,0.41342896,0.48100775,0.0,0.093501195,0.10998519,0.967677,0.32159552,0.5172027,0.38523105,0.08406933,0.40556154
