index,1,2,3,4,5,6,7,8,9,10,11,12,13,14,15,16,17,18,19,20,21,22,23,24,25,26,27,28,29,30,31,32,33,34,35,36,37,38,39,40,41,42,43,44,45,46,47,48,49,50,51,52,53,54,55,56,57,58,59,60,61,62,63,64,65,66,67,68,69,70,71,72,73,74,75,76,77,78,79,80,81,82,83,84,85,86,87,88,89,90,91,92,93,94,95,96,97,98,99,100,101,102,103,104,105,106,107,108,109,110,111,112,113,114,115,116,117,118,119,120,121,122,123,124,125,126,127,128,129,130,131,132,133,134,135,136,137,138,139,140,141,142,143,144,145,146,147,148,149,150,151,152,153,154,155,156,157,158,159,160,161,162,163,164,165,166,167,168,169,170,171,172,173,174,175,176,177,178,179,180,181,182,183,184,185,186,187,188,189,190,191,192,193,194,195,196,197,198,199,200,201,202,203,204,205,206,207,208,209,210,211,212,213,214,215,216,217,218,219,220,221,222,223,224,225,226,227,228,229,230,231,232,233,234,235,236,237,238,239,240,241,242,243,244,245,246,247,248,249,250,251,252,253,254,255,256,257,258,259,260,261,262,263,264,265,266,267,268,269,270,271,272,273,274,275,276,277,278,279,280,281,282,283,284,285,286,287,288,289,290,291,292,293,294,295,296,297,298,299,300,301,302,303,304,305,306,307,308,309,310,311,312,313,314,315,316,317,318,319,320,321,322,323,324,325,326,327,328,329,330,331,332,333,334,335,336,337,338,339,340,341,342,343,344,345,346,347,348,349,350,351,352,353,354,355,356,357,358,359,360,361,362,363,364,365,366,367,368,369,370,371,372,373,374,375,376,377,378,379,380,381,382,383,384,385,386,387,388,389,390,391,392,393,394,395,396,397,398,399,400,401,402,403,404,405,406,407,408,409,410,411,412,413,414,415,416,417,418,419,420,421,422,423,424,425,426,427,428,429,430,431,432,433,434,435,436,437,438,439,440,441,442,443,444,445,446,447,448,449,450,451,452,453,454,455,456,457,458,459,460,461,462,463,464,465,466,467,468,469,470,471,472,473,474,475,476,477,478,479,480,481,482,483,484,485,486,487,488,489,490,491,492,493,494,495,496,497,498,499,500
A8m,4.232165,0.0,3.7745829,1.0077131,2.0874035,0.07652029,2.679316,2.65414,3.366391,1.1634476,0.4832304,5.136848,0.46839756,9.11734,0.0,0.5653089,0.19302917,0.0,0.15108187,4.3339663,1.0210893,2.869929,7.9040556,4.205379,9.084161,0.6766852,0.46937823,1.458755,3.0114093,2.202974,0.0,5.135428,2.0018497,1.7502098,4.2047195,3.9761615,2.4726565,0.0,6.1020465,9.016256,3.7316952,4.475125,1.4807957,0.0,11.420789,3.8320086,4.0312705,0.0,0.0,8.747119,1.6710367,2.0625782,4.7925334,1.3826221,0.29580778,0.0,3.0433495,1.5809906,0.0,0.0,10.072525,0.0,8.706335,9.329539,0.0,4.7410917,3.3544517,4.4330277,0.48714405,0.0,0.0,7.05366,5.754398,2.7900257,1.8086367,0.0,4.2509475,3.7304618,0.0,0.0,0.0,0.0,0.0,8.287949,7.623674,6.179709,3.43307,1.2827395,6.236283,0.0,1.6424273,0.0,0.0,6.9947677,1.2778307,0.0,0.0,0.0,4.9063773,0.0,0.0,1.4073777,5.2194557,6.1468973,1.910314,4.33374,6.3079424,4.3865027,1.0390596,4.345772,3.7570572,5.4233394,8.306049,3.8257904,0.0,0.0,9.41114,4.6421103,8.035279,1.3531997,2.7819932,8.877502,8.666196,3.545063,0.0,6.2883854,10.787615,0.0,0.36658275,4.5990076,9.411157,0.0,3.7094355,5.881265,1.06761,0.0,2.1583982,1.0816462,2.003854,1.8997501,9.266936,2.8835778,1.4302381,0.0,1.3164474,0.0,2.940736,5.8615713,0.6013515,4.930173,4.0067325,7.46187,2.5090632,4.9342237,0.4412914,0.0,2.9825056,2.5593426,3.9147482,3.373564,1.1474832,0.7741095,1.387827,8.141756,4.1158066,3.027729,1.3867929,0.0,2.1310139,0.24798425,0.0,3.2161105,0.0,9.348393,1.3595792,0.63789916,0.0,0.0,0.0,0.0,0.25996312,2.9025638,5.072243,5.4316845,2.4465723,3.2967808,4.3433585,3.1850784,4.384337,2.0551212,6.491502,0.0,3.3109314,0.0,1.9928167,0.0,0.87757164,0.0,6.132316,0.0,0.8985353,5.968873,0.0,2.1130908,0.0,0.0,4.939333,3.4403415,3.8164396,0.0,0.0,0.0,0.2489196,1.3409772,1.208273,0.22521418,0.0,0.0,4.053118,0.8992417,1.830123,3.6624732,10.539827,0.29608977,0.0,0.0,0.0,2.8455884,1.1659563,7.421818,1.2204342,0.0,1.5248376,1.9115152,1.2191726,0.0,1.4005955,5.6718583,2.9420967,0.0,1.9647936,2.3171127,4.4371586,3.3906033,0.0,0.06828496,0.0,0.25948676,2.6947718,2.3335028,0.88301456,7.8170476,4.241932,0.1341002,2.6728854,0.08931202,3.2244928,4.17345,1.4363831,2.398488,0.6496092,2.9207919,2.2414334,2.8858442,2.0285034,0.0,0.0,2.076488,4.4870386,7.450758,0.6149571,0.0,4.4844832,2.6619556,4.6229596,7.451671,0.95212346,3.7716882,0.0,2.4932544,7.231427,8.432571,11.806759,0.0,0.0,1.3757691,0.0,8.096913,4.4068666,4.624073,9.875007,0.648112,4.711827,0.9645529,0.0,4.845092,3.2526932,0.0,1.7831641,5.0554886,3.6235857,0.6781747,0.0,1.035676,0.0,0.55289453,1.7377189,0.36358196,3.923462,6.8311815,1.5792494,0.31490028,10.431898,2.7836254,4.244871,4.942245,6.7199783,8.034361,6.0661316,1.9537364,4.75272,4.134527,2.9989538,0.33100584,1.1742536,0.0,0.0,3.4172428,10.527463,0.0,4.93184,4.2481246,3.0801656,1.3535676,0.0,6.1000767,4.3804336,3.5077846,2.4253745,4.5843124,0.0,1.3667414,3.1085672,4.9476066,0.0,4.261151,0.6157807,0.0,0.0,6.1485386,5.4188614,3.2277951,3.6495981,0.0,0.0,5.053084,2.5902796,8.327795,3.6655614,2.118168,3.3031807,4.919887,3.652481,0.0,1.1448927,3.466217,0.0,3.6217885,8.819189,2.0782592,2.8311882,5.127222,11.697421,2.0389497,2.3979704,5.383816,4.1340494,0.0,1.914133,0.58434683,0.0,1.5276368,3.5207167,2.714539,2.7312827,4.207176,2.9780734,6.4080787,1.0278481,1.7480652,2.367796,4.6385226,0.0,5.1615806,2.4910738,2.4650178,0.0,0.35264274,0.0,0.0,6.2115917,4.55677,0.08086768,4.2538943,8.498012,0.0,4.472831,1.9310291,0.0,0.0,6.016441,1.2153903,2.6399305,4.6594305,3.5361042,0.0,0.0,1.328296,5.8924565,3.0394197,2.4825547,4.022117,5.359852,1.0001376,0.5129818,0.0,0.0,4.5257545,0.3485127,0.0,8.558236,1.9920081,0.0,0.84750843,0.0,0.7547523,0.0,5.7262335,1.3529444,6.226364,2.1427417,0.0,0.42989329,1.0528611,0.45364854,5.7962503,7.73927,0.0,0.0,7.9247503,5.02907,3.8285978,3.3249972,2.8292513,3.1430655,3.755678,0.0,0.5231839,7.7442956,0.0,2.7831488,3.983924,3.6039915,2.4296608,1.903841,0.034468498,5.67047,0.0,5.677692,6.916076,3.5024986,0.0,1.6304821,10.108257,0.0,0.0,3.192978,2.2361932,1.0500207,3.3862188,0.0,0.0,0.0,2.646231,5.1843686,9.886679,7.769626,2.327677,0.0,1.6514369,3.8401332,0.0,3.4699676,7.3300853,3.611322,0.0,0.58544725,0.00962601,0.006046174,9.056723
A8dl,2.2677023,0.0,1.9418918,0.0,1.6361463,0.0,2.6559033,1.1217048,3.5026195,0.0,0.0,3.593584,0.9650238,9.993044,0.0,0.5241036,1.677004,0.0,1.5670011,4.4715586,0.0,0.12830602,5.530898,0.9220255,7.4637203,0.3013306,0.46766824,1.681223,1.896534,0.8446457,0.0,5.1195655,4.1706834,0.15028194,4.363404,2.8107355,1.8314153,0.0,2.6735952,8.936812,2.701562,4.261518,1.6256385,0.0,8.936413,3.6711977,2.3570433,0.0,0.0,8.326299,2.5266488,0.36430413,1.8806945,1.7927972,0.0,0.0,4.5843143,2.376918,0.0,0.42444575,9.239729,0.0,8.904099,8.462992,0.0,4.9464498,2.0454633,4.004555,0.6950788,0.0,1.1771688,6.457975,4.7473955,2.1401622,0.5178996,0.42670524,5.9255557,3.7617333,0.0,0.0,0.0,0.0,0.0,7.041338,5.463566,3.9781048,1.9072356,1.8044794,4.605895,0.0,0.74917877,0.0,0.0,5.2684307,0.0499774,0.0,1.0998565,0.26588842,3.924624,0.0,0.0,0.7243051,5.1416793,7.0317974,1.9305784,3.698774,6.1597786,0.11074463,0.0,2.8452828,1.9916645,4.458415,5.2529836,0.5771989,0.0,1.2071223,8.118831,1.401505,7.51296,0.5682137,2.2503216,8.562811,5.299134,4.7165675,0.0,3.9988842,7.725498,0.0,1.5027058,4.225305,7.5825377,0.0,2.1144521,4.8901596,1.955784,0.97102845,2.6314402,0.068035185,0.60939986,1.6609337,7.590267,0.18149358,0.8564218,0.0,0.37850815,0.0,2.1214986,4.0887156,1.7088646,3.05153,3.4214716,5.7577286,3.2828403,2.9866889,0.66968834,1.580789,3.3342357,1.7484134,4.5163393,1.7011956,0.48173383,0.5611678,3.7123945,7.9762053,3.7769403,3.267486,1.8521796,0.0,1.9306253,0.5247032,0.0,2.174533,0.0,5.9059196,3.028933,2.295158,0.0,0.0,0.55052906,1.7989916,1.0198234,2.4762442,6.257128,5.259384,1.4325129,3.9465294,2.9948657,4.4363074,2.2442942,2.5355296,4.907021,0.0,3.7593129,0.0,1.6302981,0.0,1.5583439,0.0,6.3226438,0.0,0.88057524,6.1721945,0.0,2.6138258,0.0,0.0,4.599576,0.6115685,2.56621,0.15858203,0.0,0.17905983,0.8069755,2.5556781,1.6559755,0.09179953,1.9825968,0.0,1.8089451,2.0295732,2.138107,3.947543,8.241872,0.8758418,0.0,0.0,0.7915261,0.07524757,1.7095231,6.204029,2.5355706,0.0,0.65078396,0.5152263,0.0,0.0,0.44483936,5.3737006,2.7980602,0.0,0.01726427,1.4471302,4.982403,0.91470844,0.2643712,3.047815,0.0,0.26984453,1.5869172,3.0528324,0.8686113,6.9855685,3.7571876,1.0936093,1.1069888,1.6528369,1.794135,4.0664854,0.6610168,3.305962,0.9743876,0.0056582447,3.9494736,0.7446601,1.2819978,1.3159841,0.0,2.2776833,3.6427882,4.3580084,0.0,0.0,4.7561526,2.1059966,5.3235006,6.419261,0.5253578,2.167189,0.0,0.18109237,4.1708455,6.2329493,10.179594,0.06427412,0.0,0.0,0.0,6.773898,4.383673,2.9672606,8.210305,0.0,2.0738888,0.70859224,0.0,1.501236,4.4755793,0.0,2.4946811,6.046666,2.594523,0.25088152,0.0,0.0,0.0,0.9347478,0.83869845,0.20918362,3.2615416,6.1031413,2.4881527,0.0,7.5650935,3.9711285,5.5094914,4.9892726,5.1567507,5.742664,3.2225986,1.0936123,3.760956,4.8670554,1.5581129,0.0,0.73420596,0.0,0.94138,5.018239,9.608108,0.0,5.1189537,3.3613267,3.9748244,1.7384385,0.0,4.3705173,2.2077498,2.2123134,2.3396866,4.9833694,0.0,0.0,3.6915286,4.9709315,1.3086525,1.8131721,0.8600882,1.6728015,0.0,3.2466104,3.7406352,0.8912492,2.9219725,0.0,0.0,4.213853,0.14410919,5.710932,5.26006,1.4558327,2.8122802,6.441831,4.235423,0.0,0.5986774,3.9542012,1.7874538,2.2585142,6.8796916,1.6099553,1.4907734,5.8681903,8.177455,2.3135314,2.2422862,4.5934725,4.0919156,0.0,2.6040764,0.96296644,0.0,1.3219751,1.262369,3.2762842,4.689236,1.8439893,4.024282,4.834933,0.0,1.3910519,2.2830753,3.245779,0.0,3.4442432,3.0321424,3.2481115,0.48190397,3.3482575,0.39715216,0.0,5.681988,5.5167055,0.58473647,2.3916504,7.755692,0.38343045,4.283453,2.883354,0.0,0.0,3.9370987,1.1810584,3.3324883,4.070536,2.8294406,0.0,1.1218247,0.0,5.048628,0.73990726,2.8091671,2.7304,2.8653872,0.0,1.0034236,0.11878044,0.26144394,1.8533983,0.0,0.0,4.6771135,3.8018634,0.0,0.0,0.28125903,2.6679862,0.0,4.5808916,1.1780702,5.4085317,3.614051,0.0,0.0,0.796216,0.33413488,7.0309114,6.0822606,0.0,0.0,5.9187217,2.687848,0.96327466,0.34376964,0.40374708,1.9627212,3.2204528,2.5018735,1.14559,7.5720296,0.99490035,0.32778752,2.512766,4.319116,2.3981905,0.4230801,0.0,3.9992318,0.0,5.5594006,6.5488544,2.4418416,0.0,1.1891387,6.183481,0.0,0.0,2.7662582,4.9628696,0.38370904,3.664701,0.56970626,0.0,0.0,0.22850315,4.969947,7.528316,5.082871,1.5479006,0.0,2.3725226,4.234371,0.0030789431,2.0750406,7.532428,1.9582763,0.0,1.1855825,1.6377223,0.11722314,8.269255
A9l,1.2333946,0.30551803,2.2988703,0.0,2.0681155,0.0,2.9449453,0.70566976,3.0063329,0.0,0.0,1.4660467,0.0,7.007225,0.0,0.6687585,2.30651,0.0,2.022443,3.800907,0.77256674,0.0,2.1053858,1.3729132,5.1498017,1.0615466,0.08617832,0.9670657,1.3332179,0.0,0.6720216,4.1317716,1.7949984,1.4219718,2.319547,0.85666263,0.0,0.8347592,1.7738204,7.477081,1.0044595,2.225144,0.90640163,1.395349,4.7473645,2.5188882,2.771388,0.0,0.0,5.893304,5.2222457,1.3655227,0.08773031,1.1502409,0.4556136,0.0,5.3759418,2.2764704,0.0,0.20874153,6.095805,0.0,6.958623,5.798009,0.0,3.7014205,2.5396376,2.4322956,0.5084634,0.0,2.1105702,3.760799,2.0551133,1.7587957,0.0,0.8996345,4.9945145,3.1832283,0.0,1.1966544,0.0,0.0,0.0,5.392552,2.1519668,0.0,0.0,0.6777152,2.476732,0.0,0.144724,0.0,0.0,3.4339283,0.82741773,0.8053565,0.9885016,1.7792819,2.7398915,0.72127277,0.0,0.14974597,3.8026285,4.964148,0.0,2.8135884,5.712359,0.0,0.0,1.7984409,0.58786166,3.6629536,3.2723486,0.0,0.7865453,1.3857819,4.494615,0.0,6.549973,0.76059926,3.8993282,4.6142716,1.7136121,3.646842,1.4846098,1.1846014,3.5148637,0.0,1.9816196,2.1098416,4.1113825,1.0325238,2.6180248,2.964636,1.3079078,1.7173839,2.4253237,0.0,0.032391027,0.98039967,4.821988,0.0,0.0,1.1376992,1.3203607,0.0,1.277874,2.7445698,1.9186081,2.6607337,3.4485629,3.6918914,1.3273128,0.91772276,0.0,0.59659773,2.8643987,2.0900254,3.0469656,0.09599754,0.0,0.4855237,2.1190662,4.453363,3.0163264,1.133898,1.5109351,0.949172,0.95353454,0.21883006,0.461222,0.9110287,0.22119243,2.9461596,3.5486574,1.3439479,0.0,0.0,0.7455285,2.5225987,1.4416811,2.0019255,5.4530883,2.5021756,1.1580316,2.9326236,3.027692,3.55713,0.058368515,2.8637636,1.771914,0.13742495,2.3616924,0.0,1.6942725,0.0,0.6898438,2.0369015,3.7726452,0.0,0.8985906,6.5991077,0.0,2.5769196,0.30811095,0.0,3.015469,0.92418987,2.321706,0.08050615,0.0,0.76115954,0.63159215,3.384866,1.0724361,1.8507091,1.7435782,0.0,1.052479,0.4457074,2.6068928,3.3048353,5.778974,0.5979631,0.0,0.0,3.0415504,0.0,1.5172505,2.972304,3.1331365,0.31860164,0.0,2.0896745,0.0,0.029334666,0.38386312,2.622996,1.5273895,0.0,0.0,2.0529542,5.189954,0.0,0.0,3.2779121,0.2968684,0.0,1.2003402,3.0000007,2.1445167,6.1911597,2.0600617,3.0198865,0.0,0.0,1.2255147,4.349838,0.73859376,1.338696,1.4037687,0.0,3.5679731,0.0,1.8368855,2.1035793,0.0,1.1565709,1.551046,2.8490329,0.0,0.0,2.961321,3.5216193,2.2171159,5.3824778,1.8510926,1.9308919,0.0,0.0,1.6187785,4.3726683,6.6401405,0.2749789,0.57840526,0.0,0.0,4.601617,1.3447164,3.2718735,6.3414955,0.96130717,1.2784884,1.5787858,0.0,0.0,2.69465,1.3144704,1.6441547,3.7900953,2.10512,0.858125,0.0,0.0,1.086901,0.6755238,0.74986273,0.66294724,2.8804486,3.039885,2.7874253,0.0,4.5900407,3.73133,4.804816,3.0905235,3.2250319,3.9636908,2.7410793,0.17651361,1.260288,3.6169055,0.21389005,0.0,1.5997074,0.0,0.0,3.9165707,6.2654963,0.3145433,3.3951352,2.5179749,2.5020006,2.197963,0.0,1.9673018,2.32225,1.6242372,3.0024915,3.510561,0.0,0.18881269,2.3035028,2.8226817,1.7495899,0.024452526,1.1632545,2.7270508,0.0,0.4248625,2.6264908,0.0,1.5426913,0.0,0.0,3.2250612,1.6732937,2.6712,4.4669585,0.07198474,2.5660763,5.054089,3.2630792,0.0,0.65683615,2.8933353,0.68650955,1.3053486,2.814362,2.7733753,0.6991349,4.427546,3.8202765,1.5970227,2.0130813,3.5739906,2.1117585,0.0,1.5514857,0.14469813,1.4312634,1.521748,0.7722784,1.5115335,3.42667,1.8438673,3.8490913,2.8775892,0.0,0.94300294,2.2413018,1.5607096,0.0,2.11359,2.0991473,2.9512901,1.2532587,3.8918529,0.7157391,0.0,3.708832,3.6044939,1.206639,3.423413,4.4037094,0.0,4.6514974,4.3370814,0.0,0.0,2.4798672,1.0800711,2.6364655,2.8853652,2.8588738,0.14856553,2.3086689,0.02137629,1.7579285,0.79633546,0.92695683,2.1422718,2.6139219,1.6562295,1.1052705,1.4049602,2.963102,1.4317266,2.0920973,0.0,2.4644053,3.5872467,2.5651054,0.23671067,2.2363214,1.7812638,0.0,4.805341,1.1476341,3.785444,3.337263,0.0,0.0,0.35079074,1.3327562,4.9818373,4.2713003,0.0,0.0,3.112427,0.98929614,0.0,0.0,0.43380368,1.0999348,1.7115818,2.4303687,1.6032218,5.230249,3.6074486,0.0,0.75459296,3.6080365,1.086414,1.7370464,0.0,1.9399859,0.0,4.1207943,3.8391109,1.904945,0.0,0.78881603,3.2315173,0.0,0.54237276,2.9284167,5.9147444,0.43441835,3.3762774,1.7149448,0.0,0.0,0.0,1.9960767,5.4239683,4.2556705,0.4954567,0.0,1.9147562,3.564365,0.056066163,1.9541148,4.5556927,2.2635615,0.0,1.1276256,2.3434505,1.5162433,4.8155804
A6dl,4.050279,0.0,1.0901557,1.1962146,1.0195484,3.4415808,0.55988514,1.8647143,1.9761807,0.0,1.1359891,2.7074738,0.67958075,9.185526,1.1350758,0.77890384,0.41974664,0.4268013,0.0,4.5602956,0.0,2.817217,9.050771,3.0464795,10.464451,0.28086612,1.8934387,2.1547315,1.1980865,0.93155867,0.43427175,7.129795,2.4156322,2.0829341,1.4189516,5.6856227,3.391458,0.35271236,5.1593323,6.509894,2.967986,5.506847,2.1124911,0.0,11.328583,2.50985,1.8941017,0.0,0.0,7.815575,0.0,0.9498693,6.1175933,3.7738996,0.0,0.0,2.028284,2.6739566,0.0,1.4285827,10.404953,0.0,6.5425196,8.716604,0.0,5.2842875,0.5840704,2.7035851,0.8734311,0.73762673,0.34334314,7.3669877,7.019959,0.8503782,1.4133658,0.479117,5.0344462,2.6654232,0.0,0.0,0.0,0.0,0.0,8.907327,7.091663,6.7378607,3.439684,2.8926945,6.239774,0.0,2.3382003,0.0,0.113090985,4.434965,0.22182582,0.0,0.0,0.0,4.130815,0.0,0.0,1.3869979,5.888562,4.999536,1.7614218,2.744305,3.9028587,3.9631066,2.110743,2.2623553,3.273774,5.470079,5.907878,1.4447185,0.0,0.0,10.097012,2.4435833,7.0802274,0.40207136,0.8528472,12.094875,8.036731,3.597046,1.42485,6.083824,11.444856,0.0,1.1335229,2.786033,9.972228,0.0,4.189883,5.9987345,1.9347595,0.0,1.7220341,1.7008481,0.7371605,1.0133569,6.5172615,0.35688823,2.3724606,0.0,1.8170887,0.0,2.4966323,3.50213,2.6314654,6.81075,2.591805,7.413985,4.1469903,5.1884127,0.5638647,2.8959644,5.073652,0.9301983,5.733962,4.8364816,3.4059181,0.0,3.3511322,6.918535,4.9774776,5.950367,0.56286097,0.0,0.0,0.13784076,0.0,3.0625267,0.0,10.535255,1.9267622,1.0278065,0.0,0.0,0.80167526,0.0,0.11303834,3.2376902,3.9131107,5.621723,1.4162346,5.391549,2.4975927,4.227284,3.191022,2.121442,6.6771135,1.5096494,2.7166178,0.0,3.2231734,0.0,0.64817035,0.0,7.384865,0.0,0.0,3.9214509,0.0,0.5626758,0.0,0.0,3.099284,0.76150966,4.3661423,0.0,0.0,0.0,0.41064507,1.0460747,2.907036,0.0,1.1642264,0.0,2.9480598,2.5528657,1.1020453,3.1906998,9.709234,1.110586,0.0,0.0,0.09382658,2.604912,2.076892,5.9051046,0.0,0.0,1.0419551,0.0,0.64716846,0.0,0.92894083,5.047405,3.175058,0.0,1.848984,1.5431584,2.5474174,2.085723,1.4551737,0.5419338,0.0,0.60673606,1.4250793,3.5740988,0.0,5.342799,5.3392687,0.5584295,1.3004551,0.41683063,1.7594275,2.5101275,2.1976144,0.8715021,0.4596039,1.8895887,3.7570763,2.6164124,1.9506985,0.0,0.0,1.936476,6.73814,5.45609,3.77627,0.0,4.9656677,0.8942341,5.524531,5.887026,1.1948805,4.201041,0.0,0.83728004,7.3724756,6.819535,11.681751,1.2767081,0.0,0.0,0.0,7.9753575,6.082847,3.7935767,5.7444973,0.22796184,5.0059934,1.1371597,0.0,2.743965,2.0287333,0.0,1.8952239,5.8557425,1.8742309,0.0,0.0,1.4104166,0.0,1.4294374,1.7940195,0.0,0.3264427,6.3713694,2.9747689,0.35838565,9.331439,2.4397955,3.1729918,5.837507,5.5134826,6.413169,8.183753,1.19615,4.442173,6.2071214,4.447557,0.19265616,0.0,0.3863364,1.0212628,3.9810994,8.047606,0.0,5.562853,5.9814305,3.6649098,1.2580248,0.0,4.5760636,3.2392917,2.4154246,2.529259,3.4733396,0.0,0.0,2.7175696,3.6211138,0.0,3.0619164,0.0,0.0,0.0,5.3848953,6.419366,3.1440697,4.7325234,0.0,0.0,7.2710624,1.2913193,7.804428,2.2577486,1.4021313,2.727523,3.997507,2.690797,0.0,0.5268785,3.426573,0.14397849,4.0660353,8.969101,0.15785049,4.5532036,5.5831094,11.992932,1.4879535,1.642672,6.2921615,5.0917687,0.0,3.4437454,3.3182297,0.0,0.0,1.4774797,5.121281,2.0830207,4.8635716,3.69938,6.600884,1.9917316,2.9926445,1.6784292,5.162493,0.0,5.340072,1.4287955,1.5260409,0.0,0.9880529,0.0,0.0,3.9679704,2.3709917,0.0,2.5270762,6.2039237,0.32295018,2.0961554,2.4790938,1.337633,0.0,6.227859,1.2029871,3.1817865,2.1543531,0.53035176,0.0,0.0,0.058720864,6.2054505,0.09820945,1.1897054,1.8820655,3.9438584,0.25067785,1.3439249,0.0,1.0664339,2.5743225,0.0,0.81228256,4.972148,2.478903,0.0,0.0,0.0,0.0,0.0,5.008933,3.2086148,8.258037,1.8648751,0.0,2.268711,2.6811411,0.09203094,5.8452787,8.354914,0.0,2.1024365,6.4534035,3.8438358,4.9437294,3.1961033,0.81879705,1.6704594,0.7598816,1.1238892,0.0,6.743026,0.0,3.320247,3.2357774,2.526966,1.3519225,0.0,1.527559,3.9719527,0.0,3.126208,9.265994,4.0133476,0.0,4.443185,10.002026,0.0,0.37265724,1.6515647,2.1139994,0.0,4.236442,1.144479,0.0,0.0,3.7328897,6.0835896,6.0588894,6.9906716,3.2263644,0.0,1.0741941,4.090373,0.0,1.4536642,7.0006833,3.0988605,0.0,0.116873346,1.610149,0.0,7.385049
A6m,5.6925607,0.0,1.7408282,1.3012131,2.5866215,2.0505707,0.0,5.3808947,2.8504303,0.94673246,1.4637053,4.9753537,2.5074399,9.731812,0.88896966,2.6508093,0.0,1.0469365,0.0,4.598731,0.4100275,4.259399,10.599068,4.257607,9.932011,1.1063704,2.928993,0.4597754,1.9554873,3.5957959,0.039906476,4.7532325,0.3332333,1.569279,3.3563688,6.5544,2.4514034,0.0,6.839421,6.3099475,4.4347515,6.2370324,0.16962123,0.0,12.761379,0.40316358,2.2039447,0.0,0.0,7.459464,0.0,0.89935815,6.739185,3.5848842,0.79043025,0.44752607,0.5868557,1.6872787,0.0,0.0062591303,11.393129,0.0,6.5620804,8.986536,0.0,3.6698813,2.716889,3.3135705,1.702858,0.0,0.0,7.7792134,5.61573,0.0,1.2035942,0.0,4.0063696,3.8412898,0.0,0.0,0.0,0.0,0.0,8.009028,8.620344,7.204939,5.92146,1.4988317,6.576859,0.0,4.404016,0.0,0.4702705,7.24195,2.8081403,0.0,0.0,0.0,5.394372,0.0,0.0,3.146074,7.5505896,5.0164046,1.4218838,4.025831,5.213178,6.5590725,1.740251,4.043046,2.4764216,6.7658725,7.834294,4.253536,0.0,0.0,10.517389,5.063033,5.070852,0.777903,1.8839022,12.387011,9.425424,4.136264,0.0,8.100253,11.117839,0.0,0.0,6.025055,11.727062,0.0,6.0366344,7.136708,0.5303197,0.0,2.8427048,0.7123386,1.8773508,2.4042356,7.7171793,2.0860941,3.509285,0.0,1.850949,0.0,3.6717174,5.036053,2.8006682,5.4555607,1.3788224,7.775587,3.8481581,6.8568554,0.59948105,3.07018,3.4079754,1.6382582,5.192856,4.038361,1.5633509,0.5034003,2.8071089,8.71882,6.5327764,4.7721243,0.0,0.0,0.0,0.0,1.599715,4.0620556,0.0,12.746125,1.4726461,0.15554011,0.0,0.0,2.6717522,0.076521486,0.0,4.252994,5.5569034,3.0182972,2.074153,4.9524355,3.5951142,3.3061192,4.833735,1.121366,7.7443414,1.80904,3.159575,0.0,4.5985794,0.0,0.14686789,0.0,5.337904,0.0,0.0,3.9766762,0.0,2.2419174,0.0,0.0,2.8073862,3.0791383,4.9008465,0.0,0.0,0.0,0.68206275,1.0425125,2.7725604,0.0,0.171422,0.0,4.3826094,2.8026989,0.41296333,0.7494749,10.452456,0.5926616,0.0,0.0,0.0,3.952079,2.7753973,6.972397,0.0,0.0,1.2813828,0.51817113,2.2204735,0.0,0.0,3.1661723,2.4834738,0.0,2.6847725,4.016256,3.3339806,6.0396237,1.5750704,0.0,0.0,2.1647027,1.5154444,1.7113745,0.0,7.966415,4.654733,0.0,1.8801773,1.0664753,1.0049202,2.5327063,3.8275383,0.0,0.0,5.986555,2.7587943,4.6556005,2.6093497,0.0,0.0,0.1646245,6.8197803,8.914975,4.8823457,0.0,6.1315246,0.59612626,5.2932973,10.076741,2.9639034,5.123384,0.0,3.324107,10.549719,7.6462493,11.958737,0.0,0.0,0.4940792,0.0,9.692966,5.104362,5.7424307,7.828524,1.7551374,5.822554,2.187722,0.0,5.518751,1.5459448,0.78063387,0.99869245,5.4252515,5.7271614,1.7904084,1.6136281,2.326393,0.0,2.2771974,1.868003,0.0,0.30182365,6.6366096,2.9953358,0.0,8.946686,1.4165722,2.0461748,5.141387,8.029576,8.426619,9.484333,2.03905,5.61224,3.6362634,4.5864577,0.7381845,0.3694192,2.0697577,1.9351195,2.0891817,10.75856,0.0,4.7898145,5.472748,3.0500903,2.4311516,0.0,5.927937,5.255799,4.059406,0.9142756,2.4095774,0.0,1.1393065,2.4491122,4.2622523,0.0,6.6256413,1.3761632,0.0,0.0,5.3866343,5.488126,4.301728,5.089633,0.0,0.0,7.103219,1.4156176,10.162199,2.6020708,2.3804636,3.6353092,3.1565773,3.0242827,0.0,1.7681581,3.126779,0.0,4.9160695,9.818174,3.391106,3.8607724,3.0617418,11.77856,2.8555949,2.1291864,6.677561,6.7897773,0.0,4.5293813,1.9648085,0.0,1.3242801,4.0539255,4.70744,3.8054922,5.065643,2.4533799,8.56121,3.2435062,3.8281972,1.4791037,7.621906,0.0,4.379576,2.0494728,0.7491279,0.0,0.0,0.0,0.0,2.441889,2.0541978,0.0,1.0194732,7.3631907,0.0,2.4491894,0.5701244,0.0,0.0,8.41155,0.46655533,5.4192576,3.4887166,1.9731927,0.0,0.0,1.3702136,7.219275,0.47224742,0.69332427,4.742405,5.928619,0.556227,0.0,0.0,0.0,5.1836905,0.0,0.3028505,8.318865,1.1379855,0.0,0.0,0.0,0.0,0.0,5.548254,3.4689407,7.6101866,3.1488848,0.0,4.944218,1.9897815,0.0,6.8263617,8.412725,0.0,1.591311,8.176032,4.6126013,6.4687295,4.9900184,4.1376343,0.55299073,2.0237103,0.0,0.01374411,8.583597,0.0,2.1216018,2.234015,2.2902222,2.7856252,0.4213904,1.3386053,5.877456,0.0,4.6110654,7.80453,1.5457984,0.0,2.35983,13.447508,0.0,0.39006406,2.8504317,0.04886862,0.5615988,3.8968225,0.0,0.0,0.0,2.5217757,5.941759,8.524565,8.759539,2.7593105,0.0,0.0,4.08998,0.0,4.3065658,7.8655276,2.159846,0.0,0.90096354,0.024228433,1.335477,8.299116
A9m,3.3129385,0.6751649,3.8080227,0.0,3.2191472,0.0,3.7752376,3.4320033,4.6412287,2.0534523,0.5078359,4.2720485,1.7559172,7.08628,0.0,0.78046733,1.3708248,0.0,2.0772157,3.7619662,1.0928905,2.072042,3.843655,2.780046,5.926825,1.8104515,0.09402911,0.0,1.7924838,1.4703903,0.0,2.0810149,0.5837928,2.995765,4.7787614,2.2620287,0.024058457,0.0,4.6687636,8.464793,2.680874,2.76497,0.0,1.4545314,8.239492,2.498381,3.5785456,0.0,0.0,6.4741697,3.0131156,1.3439164,1.7109889,0.367433,0.57268053,0.0,3.0721197,1.5073963,0.0,0.0,6.2267785,0.0,8.340726,6.9542913,0.0,3.5054343,5.413102,4.6383443,0.025838975,0.0,0.0,4.5714602,1.5772933,2.8785558,0.8103335,0.7421724,3.325302,4.4944754,0.0,0.0,0.0,0.0,1.6133591,4.548945,4.1056604,3.2288177,1.6271169,0.0,3.253883,0.0,2.9727724,0.0,0.2184807,6.097938,2.7212775,0.6567813,0.0,0.58259565,6.3228106,0.27004778,0.0,1.8021957,4.170503,4.1898336,1.1100453,4.630455,6.540877,1.2176704,0.0,3.9305105,2.4893882,4.87906,6.818281,2.6278048,0.0,1.2135535,4.5464478,2.1231673,6.4581046,1.255321,3.492853,3.8378413,5.2348413,3.1932492,0.5239736,4.5148067,5.7715807,0.0,1.7145255,4.629397,6.337687,1.1872463,3.6525612,3.8929055,0.0,2.5578082,3.0468514,0.49963543,0.63951784,2.9477065,6.8022976,0.6739331,0.9715072,0.0,1.5620021,0.0,2.4732835,4.081947,1.1306242,2.1460369,2.7867057,5.463786,0.0,1.2486024,0.79541045,0.0,0.44310904,3.1753275,3.3429189,1.0503074,0.0,2.454309,0.85024565,5.8163185,4.227055,2.2319489,1.3948295,0.072674595,1.5547656,0.52161324,0.4571778,2.7024667,0.0,6.4342675,1.800573,0.0,0.0,0.46321338,1.9293894,0.3947427,0.48684663,2.1040676,7.1585197,1.7317251,1.4462863,2.7834952,5.4141655,3.4808767,2.1493297,3.3443134,4.0438843,0.0,3.4211917,0.0,2.7892063,0.0,0.0,1.0914862,2.767689,0.0,1.9784204,6.056305,0.0,2.818523,0.0,1.4065883,3.8257928,3.7849987,3.1239774,0.0,0.0,0.33062926,0.0,2.1438124,0.0,3.3214657,0.0,0.0,1.8147212,0.8372388,1.7132506,1.7875104,7.720215,0.55706006,0.9642743,0.0,2.2741392,0.0,2.2239647,4.249509,2.170924,0.5544359,0.0,4.123111,1.2880188,0.453869,1.0690578,2.943933,2.1121325,0.0,0.0,2.2232206,5.702568,2.5859137,0.0,0.91228956,0.3405813,0.0,1.3375123,1.1059592,1.2206839,8.291527,2.6967623,0.0,0.9801194,0.0,2.3841696,5.2703233,1.684716,2.137952,0.0,3.0479107,2.0376143,0.6812331,2.5690072,0.51154006,0.0,1.1091592,0.7091883,7.1212645,0.0,0.0,4.2951455,4.292074,2.7138608,8.081098,3.774241,4.6717973,0.0,0.25801927,4.1256986,4.9801407,8.357601,0.0,0.34205484,1.0518367,0.0,7.0643425,1.5678984,3.8667703,8.597741,1.146946,3.1554608,1.5184071,0.98131907,3.0483418,3.1950688,0.0,1.1916845,3.3261323,4.2451797,1.9800522,0.16110241,0.0,0.5193731,0.0,1.7032936,0.2779929,4.012749,5.1775255,1.4657805,0.0,7.7948165,3.7107978,4.318123,3.4819572,4.9547143,6.644294,4.645841,0.9757334,2.8591802,3.067203,0.8253844,0.0,0.23154326,0.0,0.0,2.5391319,8.957957,0.0,2.4651544,3.9594867,1.3567692,1.6023844,0.0,5.3690386,4.6435957,2.786386,1.8700631,5.0818667,0.0,1.9715149,2.169898,4.80681,1.5499797,2.872786,1.9583305,2.9558828,0.0,1.9995074,2.6403134,2.3547459,3.2353063,0.0,0.0,3.090095,2.5963461,5.547473,4.1383615,0.7938482,4.96856,4.5945,2.8935888,0.84815335,0.009756993,2.8066814,0.63622385,2.6658323,5.5395985,4.176117,1.0645959,3.3932688,5.603239,2.368721,1.6966971,3.1680448,2.7576072,0.0,2.7438512,0.0,0.5253431,1.9912082,2.2132986,1.424545,3.8391302,2.0566814,3.3837621,4.413131,2.4509833,0.88062423,1.3785757,2.942787,1.3061507,2.2649574,1.6317719,2.4644523,0.35262382,0.12773702,0.0,0.0,5.856801,4.573072,0.32748044,4.6667056,5.8930964,0.0,5.4073224,1.753638,0.0,0.0,4.6386843,1.212339,2.8491704,4.939286,3.9966998,0.0,0.0,0.0,2.0655708,2.5697992,1.3112419,4.963237,4.7060723,2.3388076,0.19230084,0.0,0.0,3.8530374,2.0835443,0.0,6.0608754,1.8514212,0.78085506,0.0,0.0,0.7431601,0.0,6.309656,0.0,3.1654882,3.5301864,0.0,0.0,0.5234996,1.382999,4.0555196,5.488691,0.0,0.0,5.2844152,3.8176322,0.81175816,1.9501064,1.88162,1.5132308,5.310599,0.0,1.2022823,6.926888,1.7562823,0.0,1.3446106,2.9064941,1.530903,2.0637302,0.0,4.05253,0.0,4.1190104,4.049277,2.4816227,0.0,0.93207914,7.232538,0.0,1.311865,4.105207,3.288827,1.6841826,3.0959623,0.71642846,0.0,0.0,0.07972102,2.3425715,9.321846,5.426128,1.2512178,0.40675455,2.4014075,2.8156018,0.0,3.7372832,5.28577,3.2245266,0.0,1.1249722,0.3512541,1.2466859,6.5779963
A10m,2.4515264,2.5598304,5.160681,0.46717066,3.3989353,0.0,3.4625058,3.3662708,5.7702055,2.2926178,0.0,3.1740499,1.9523613,7.0799656,0.0,0.4057939,2.4648342,0.0,3.787964,2.7218375,0.25792187,0.83461785,2.0052078,2.5072777,3.823464,2.441996,0.0,0.0,2.8864474,0.9552976,0.0,0.0,0.76115465,3.025875,5.2549205,1.8084348,0.0,0.0,4.793326,7.684927,3.617534,0.28913653,0.0,3.483649,5.1517234,2.966907,3.9984493,0.0,0.0,3.9861956,3.6459534,1.0706947,0.89437854,0.0,1.1096231,1.195727,3.4946876,0.0,2.3201203,0.0,3.973087,0.0,9.102254,5.871396,0.0,2.0846283,5.477531,5.285271,1.0978979,0.0,0.0,2.3217652,0.0,2.6634777,0.023755923,0.18166113,3.410422,4.706139,0.45447364,0.34671107,0.0,0.0,4.4346004,2.3548393,3.2770462,2.4986503,1.0426115,0.0,1.1618077,0.0,2.6515265,0.0,0.0,6.377782,3.561323,1.7270701,0.49689117,0.56843555,5.825548,1.8826038,1.1633536,1.1438506,2.6019244,3.7778397,0.6269227,4.7500696,7.2077584,0.0,0.0,4.3993397,0.9047155,5.512756,6.495094,3.1227856,2.9837976,3.3103843,2.1073043,3.5172098,4.557906,2.5796833,5.0695963,0.9072359,1.8185086,3.6680272,0.0,2.6315103,2.6258852,1.0204782,2.2922878,6.0838356,2.5351102,2.6215975,3.4631488,3.7501435,0.0,2.3633246,3.556921,0.065306276,0.85943633,1.5632445,6.7274094,1.0811334,0.0,0.0,1.7319268,0.0,2.256354,2.0244827,1.1902015,0.0,2.175692,3.461795,0.0,0.92769736,0.98375887,0.0,0.021051183,3.6324306,1.0558395,0.0,0.0,3.237632,0.0,5.655863,2.1120296,0.0,2.0301702,2.4593508,1.9429066,0.0,1.2650762,3.014581,0.0,4.225922,2.9383926,0.0,0.0,1.0793247,1.7623075,1.2512814,0.18262927,0.22629903,6.903999,0.9834392,1.0946131,1.2386967,7.23294,1.7436076,1.3866097,3.0975616,3.0357423,0.0,3.6894386,0.0,3.063486,0.0,0.0,3.356491,0.7750041,0.22231594,3.241436,7.831273,0.0,3.964446,0.0,1.4164886,5.6700025,2.4863057,1.7104783,0.0,1.4200313,0.7485231,0.64512986,1.4895772,0.18398729,4.286662,0.0,0.0,2.7371404,0.0,3.5520103,1.7684007,6.055405,0.0,0.8060381,0.31709853,1.9150784,0.0,1.7043215,1.4088231,5.0022826,2.835686,0.56682014,7.132708,2.8726676,0.91409683,1.5303261,2.9427433,0.6375782,0.0,0.0,2.7369463,6.415352,1.4189708,0.0,2.8275828,0.0,0.11059104,1.5055592,0.0,3.1597364,8.86574,1.5547181,0.44220525,1.2728026,0.0,3.1038845,5.505385,0.06797631,2.0437074,0.0,3.9872155,1.4505597,0.41728967,3.0772948,1.4565619,0.0,0.40687037,0.0,7.269556,0.03848115,0.0,2.9730568,4.439686,2.004346,8.57425,4.209457,4.608364,0.0,0.42946172,2.055845,3.019171,5.256067,0.0,2.3363457,2.0484557,0.0,6.6142426,0.0,4.3908796,8.782033,0.46838146,2.0877466,1.0866333,2.3065875,1.5403565,3.028884,0.4736166,0.0,3.2327895,5.221843,3.911924,0.65449965,0.0,0.53024703,0.28421932,1.0617621,0.25596952,4.9429784,4.199012,0.37673756,0.0,4.60484,2.664557,4.445752,1.2964972,4.929409,5.8886065,1.0434461,1.9229752,1.7162375,0.97253686,0.0,0.9107822,0.2060204,0.0,0.0,3.0929828,8.903982,0.0,1.9565697,1.6060815,0.2605721,2.9589808,0.0,3.4951658,3.4938376,3.4619951,1.5283325,4.374237,0.0,1.6173617,0.8877029,4.1160345,1.4831294,2.77886,4.073246,4.4701543,0.0,0.16070479,1.1291213,0.3724325,0.9326286,0.0,0.0,0.8426398,3.3197045,5.6887717,4.729289,0.04751408,4.1444964,4.136337,3.6008646,3.3356125,0.3374118,3.1458068,0.0,0.8061879,2.4738777,6.4075212,0.099631235,2.6790092,3.3073847,2.1975365,3.1482599,1.6106637,0.77342576,0.0,0.82028115,0.0,3.5340915,2.0295694,2.0387297,0.7472329,4.8508162,1.347357,2.371506,4.0217705,1.8890892,1.0109752,1.0466304,2.8695745,1.1262602,0.0,0.9082096,2.4497738,0.71525854,1.84751,0.0,0.0,6.542064,3.9420197,1.361591,4.3237147,5.3213897,0.0,5.860099,3.002469,0.0,0.0,3.1596155,1.5856802,3.1822245,4.95115,5.185485,0.8580303,0.37448505,0.33079198,0.082046956,3.014386,3.1574502,5.0428796,4.989791,1.2273544,0.7666738,0.0,0.0,3.3270428,4.1397448,0.0,4.9988756,2.5282605,3.834621,0.0,0.80666196,1.5076178,0.0,6.198185,0.0,1.5200909,3.3101637,0.0,0.5058617,0.0,2.204763,4.9671144,4.8087645,0.0,0.0,4.5969825,4.142902,0.0,0.15950404,2.130139,2.6094885,6.686372,0.0,1.0025958,8.073502,3.2744453,0.0,0.77445203,3.3405638,0.7130636,4.483171,0.0,1.5771385,0.0,4.8265057,0.38200092,1.5672249,2.0469913,0.17863704,5.0740395,0.08506076,1.1912841,3.9771874,4.5082383,2.015213,1.6656922,0.0,0.0,0.0,0.0,0.34367585,8.441464,4.725286,0.63694406,1.321682,0.84790474,2.4625807,0.7439841,3.5739021,2.5702,2.408747,0.0,1.9691899,0.79331124,3.763351,5.4301972
A9/46d,0.8716719,1.3029661,3.5215685,0.0,2.087382,0.0,2.940456,1.0658278,4.4139895,0.0,0.0,1.6493217,1.3891876,8.696993,0.0,2.200854,4.209831,0.0,3.6556308,2.1783466,0.0,0.0,1.8314627,0.0,4.24545,2.0465467,0.0,0.62874115,3.1779284,0.0,2.225219,1.3191185,2.318821,1.112607,3.5326633,2.1793013,0.0,0.43139532,0.3061902,7.7937284,1.5283176,1.5598974,0.8115866,2.568824,2.3333468,3.7369344,2.444458,0.0,0.0,4.986497,5.8647265,0.4393711,0.0,0.0,1.9237,0.0,5.237384,0.9983093,0.78346634,0.0,5.0679483,0.0,7.5987625,6.143566,0.0,2.7782705,4.24915,5.0554724,1.0345955,0.0,3.0260813,1.5373062,0.25730187,2.7152004,0.0,1.03591,5.1346364,4.323922,0.0,0.39279646,0.0,0.0,3.1403105,2.921701,0.46561992,0.0,0.0,0.0,1.3246845,1.2734833,1.2483009,0.0,0.5751419,4.0880384,1.2353629,3.2044055,2.541797,2.3524745,2.5789683,2.633811,0.0,0.9534874,3.025609,5.3297615,0.639547,4.240645,6.5864305,0.0,0.0,2.5140622,0.0,4.770373,3.136649,0.0,3.4825523,3.940855,3.7103374,1.1618015,6.621823,0.3314209,4.3888564,3.5603821,0.20232078,4.5251637,0.0,0.40604547,1.4161164,1.1363927,2.710563,3.6999342,2.013299,1.2539957,2.6328273,2.7286708,0.13175349,3.4422524,4.2612514,0.40469778,0.0,1.0612018,5.3111105,0.0,0.0,0.34785742,0.34078404,0.0,0.95949847,2.5783813,2.122983,0.0,2.5273666,2.9466138,0.99248224,0.7151777,0.0,1.0043565,1.3826573,2.2205408,3.4428136,0.0,0.26434347,1.9898583,2.694694,5.712844,2.4731853,0.8055544,2.5574834,3.3561435,3.1103826,0.04012401,0.22220992,0.49703872,0.46433794,2.26149,4.0650015,3.2680986,0.0,2.0009222,2.0451276,4.799075,2.7797184,0.8154935,7.5254292,1.2913562,2.3032463,1.7953976,3.723668,2.707919,0.5168066,2.4955554,2.1706414,1.269947,2.571429,0.0,2.2752357,0.12134079,0.72380286,3.7745867,3.6764767,1.6035895,1.5361739,7.066385,0.0,4.6279902,0.904665,0.0,3.3442223,0.15575129,0.3314443,2.153854,1.4698539,2.4564016,1.4363778,4.2804546,2.7676215,2.1319268,2.189673,0.0,1.2889256,0.632745,4.1891456,2.9179056,4.71601,0.25672168,0.0,0.0,2.833223,0.0,1.6680226,2.950216,4.3567066,2.2140982,0.108820826,4.9968495,0.0,1.8546885,1.0196801,1.2537779,0.56777185,0.0,0.0,1.4935482,6.3063984,0.0,0.0,4.9471073,0.0,0.0,0.5345537,2.1293294,3.4094424,8.122021,1.3100941,2.4680188,0.5593091,1.2928238,0.0,5.13878,0.16134079,3.2243161,0.8222767,0.0,2.7088246,0.0,2.0864193,3.8497307,0.0,1.0273762,0.043241903,4.0230465,0.0,0.7886695,3.6516268,2.886274,1.9787687,6.5585985,2.1625874,3.4628003,0.0,0.0,0.0,2.8867981,5.9947996,0.8294322,2.2577457,0.0,0.0,5.04753,0.591907,3.0237646,6.8261156,0.90611017,0.0,1.2583157,1.1238807,0.0,3.37523,0.05142092,2.0026343,4.7632675,2.841238,1.3682383,0.0,0.0,0.0,1.440137,1.3719519,0.37562948,4.1353984,3.3935921,2.6589997,0.08825792,4.836066,3.5460968,7.2970257,2.0029724,4.2035937,3.6982172,0.28000903,0.0,0.18809836,2.701068,0.0,0.1034194,1.2995818,0.0,1.3278899,4.9507093,7.5654764,1.0486898,2.9595299,1.4428787,1.6731062,2.9880297,0.0,0.57898116,0.68621564,1.6083288,2.5023136,4.5061445,0.0,0.0,2.567094,3.7143595,4.0334353,0.3355545,3.3049338,4.8573055,0.0,0.0,1.0998551,0.0,1.752244,0.0,0.0,1.4479282,0.46495754,2.7684093,5.762344,0.33495942,2.6498175,6.5411477,4.669859,1.8972785,1.2250206,4.2214165,2.7921526,0.0,2.2150617,4.2983274,0.48680732,5.2819014,2.513455,2.2972953,3.3676357,3.5184042,1.1451397,0.0,1.8785065,0.0,4.2393017,2.3148105,0.0,1.993889,5.842363,0.3927484,3.1253526,3.0677886,0.030443138,1.4304361,1.5948709,0.85443854,0.0,0.39683586,0.92814595,4.122553,2.0079474,7.011833,0.9284007,0.3061141,5.405056,5.4981623,1.3909738,2.7001724,6.958625,0.0,5.4176416,5.404143,0.0,0.0008326527,1.5224558,1.4300624,3.5090249,4.490951,3.6524982,0.86890006,2.4427369,0.0,2.021666,0.67016083,2.687278,3.7468808,2.382231,1.3620044,2.8217645,0.69282305,1.9958811,0.8264132,3.1000714,0.0,0.82224995,4.094838,3.7233233,0.71212006,2.080071,2.8351712,0.0,4.543084,0.0,1.4414515,4.672009,0.0,0.0,0.0,1.4347898,6.68189,5.4490557,0.0,0.0,2.9401863,0.24093053,0.0,0.0,0.0,3.8829694,3.2473402,5.0955887,1.4776669,7.1294103,3.884341,0.0,0.98071426,3.97229,2.3496644,1.6354634,0.0,1.3072604,0.0,5.4579563,3.7105026,0.2714039,2.1323576,0.54421955,2.0086486,0.0,0.82499933,1.7600772,8.193978,1.9991944,3.2154546,1.0758274,0.5685937,0.0,0.0,1.5049553,5.8333697,3.2921927,1.9855722,0.8566204,1.5370402,2.8601894,1.3820168,0.8099779,3.4251795,1.5078611,0.0,1.2779748,2.2292492,2.104022,5.9747205
IFJ,1.3571248,0.0,1.265082,0.98590606,0.0,3.3592167,1.4607339,0.0,2.0605695,0.0,0.45582753,1.355781,0.0,10.090336,1.8122404,1.9617356,2.4645085,1.8726963,0.26270658,3.8757188,0.0,0.0,7.7354107,0.0,9.945768,0.8678974,1.3029457,3.1186407,3.5558014,0.0,2.9023287,6.9594984,4.2861643,1.6480589,2.1892858,4.729634,2.9531894,2.130739,1.7834015,9.55695,2.0552227,5.0421968,4.003739,0.14903496,6.028077,4.4706054,2.537827,0.0,0.0,8.337438,2.7287538,1.5091952,3.992355,2.632444,0.21346445,0.0,2.6875439,2.6990402,0.0,1.0436956,9.977867,0.78498936,7.2159348,9.313844,1.4697735,3.5379784,2.140849,3.9630365,0.48356956,0.12781107,4.1654134,6.0395923,5.3399653,3.1120603,1.1894165,2.2954001,5.972119,2.5544455,0.0,0.0,0.0,0.0,0.0,8.457043,3.707267,4.598345,2.1082296,2.4062207,4.3430676,0.99244565,0.29423353,0.0,1.1194748,4.897458,0.0,2.4261816,3.4533536,3.004638,1.5389265,0.0,0.0,2.0213668,3.7747197,5.2238507,1.4699191,4.1010637,5.229001,0.62763405,2.3451595,1.2108004,2.4125755,4.6788015,4.4096174,1.0743511,0.523446,0.98531866,9.774725,1.6929542,8.5104265,0.043069728,0.92405677,10.071962,4.5186906,3.0114164,0.5052628,2.9817765,7.480132,0.0,0.42021632,2.3600965,5.7415104,0.0,2.4369433,5.157207,2.6796312,1.141195,3.9800115,1.9280331,0.0,0.67411035,6.4806023,0.027541995,0.0,1.0020233,0.0,0.0,1.7894207,4.148984,1.5630274,3.877475,5.326956,5.6126623,4.340606,2.7659833,0.0,3.4509368,2.5547526,1.4497786,5.3211317,2.8195438,4.1604714,0.0,4.5994787,7.2959485,1.6121178,4.2473636,1.5751164,0.0,2.2823195,1.9022843,0.0,0.90035963,0.0,5.3943844,3.389254,3.7856166,0.0,1.8992537,0.0,3.2411518,2.6609883,3.5239315,3.8879805,6.4605923,3.3158412,3.2350175,0.49922705,4.9010944,1.1217732,2.4692876,4.7894473,1.0934381,1.3079523,0.0,1.9985077,0.4392272,1.3456359,1.7056607,7.674701,0.0,0.0,5.4853544,0.5275596,3.253816,0.41404182,0.0,3.150172,0.0,2.0513065,4.2233334,0.8709886,1.0982071,3.062773,3.465193,4.1626945,0.0,2.9843178,0.0,1.7876441,2.0116646,2.7358387,3.4004636,10.9980755,0.0,0.042664487,0.0,1.4868609,1.4530458,0.17270017,5.9950123,0.0,0.0,1.8726075,1.520103,0.0,0.07822883,1.5506781,5.5134726,2.9293253,0.61473054,2.4636176,0.5078102,5.004076,0.0,2.068587,2.3777266,0.16708504,0.0,1.301733,4.7109427,0.7562629,6.7039423,3.9872134,3.3145955,1.3571709,1.1692293,0.0,4.0107026,1.2510282,1.9767027,1.5107776,0.0,4.6999025,1.118066,0.0,0.805053,1.5903661,3.3086822,5.067054,2.8396034,1.466492,0.5180769,5.599483,2.7733276,5.4401984,4.0790296,0.0,4.145411,0.0,0.0,4.4751735,7.111354,9.740596,2.8258092,0.0,0.0,0.0,4.311116,4.9077177,2.3943899,6.0808,0.9603447,3.0622525,2.3373396,0.0,1.1549865,2.7744842,0.5519095,2.937805,6.709847,1.2009882,0.0,0.0,1.6409125,0.0,2.8916805,1.2849247,2.272141,1.9619194,3.453356,3.8223357,3.1757119,9.161188,3.6677072,8.537265,3.531244,4.8201804,5.2784986,4.4104967,0.0,0.8294402,6.396982,3.4308867,1.1533535,0.9252153,0.281232,0.82044846,5.0199814,8.292389,0.0,7.466943,4.356486,4.3510165,3.1886694,0.0,2.5015304,2.38198,1.5170205,2.4703422,5.584269,0.0,0.0,3.8803844,2.6686842,0.6294671,1.8700613,0.672109,0.26488283,0.0,3.9064112,4.4879208,1.78784,3.20103,0.15338935,0.0,3.9606736,0.6200578,7.2359037,4.9800525,2.3026156,2.5484016,6.5019617,4.13423,0.0,1.4047741,2.8831933,2.5580292,2.9377491,8.14952,0.0,4.4459443,7.6111217,8.374342,2.6156182,1.2304319,6.9959755,4.097152,0.0,2.158842,1.7260008,0.0,1.2550254,1.5657808,3.1869736,3.7364805,4.0181813,3.3130124,5.37071,0.0,2.5066645,2.1689086,2.543415,0.0,5.3315825,0.7605797,1.8965781,1.2632219,6.1503253,2.1783495,0.0,4.785999,4.275677,0.0,3.7622674,9.729327,1.7459499,3.5026119,5.03806,0.47443298,0.0,4.4349895,2.4229074,0.3155214,3.3276534,2.099551,0.0,0.7921082,0.25950947,6.0527306,1.5759013,2.2110198,0.6903329,2.9021287,0.0,3.0415092,4.0935426,3.3252206,0.0,1.0843159,2.2695673,2.832666,3.8592634,0.0,0.7817192,0.11495664,1.7586969,0.0,4.551859,2.2770634,4.8938866,2.7678995,0.0,0.0,2.771912,3.091725,5.514325,6.6639705,0.0,2.8213017,6.176898,1.7413472,2.7088969,0.70440656,0.0,2.9220939,1.1774167,5.8771553,0.0,6.255382,0.77436423,2.1563041,3.464386,4.163705,2.6741524,0.09656811,1.2025377,3.849039,0.0,5.325143,9.802911,2.6808496,0.0,2.8180475,6.8128033,0.0,0.8939739,0.5092463,8.439745,0.15712537,6.412968,1.7755935,0.0,0.0,1.9497081,6.6026325,4.9856524,6.467393,3.667999,0.6307195,3.2694352,2.2916105,0.60782397,1.2518479,5.9409733,3.0147977,0.07923752,0.0,5.0611353,0.02811074,9.062033
A46,0.0,1.4006147,5.20683,0.60746425,2.0390005,0.0,4.3133082,0.0,4.1886888,0.0,0.0,2.214672,0.35169762,9.377507,0.0,0.82599646,3.7074606,0.09740544,4.575417,2.7257094,1.7751971,0.0,1.7573804,0.0,5.224683,1.4359617,0.0,0.846542,4.450816,0.0,2.1731071,3.695599,2.1966782,1.8793192,2.3062797,2.1596828,0.0,2.6882687,0.29783973,9.122833,0.9390871,0.92419714,3.7209105,3.7997332,1.489838,5.395653,3.459508,0.0,0.0,4.814946,7.3857207,0.0,0.0,0.43324712,1.3391495,0.0,7.215102,0.71004355,1.391979,0.23207866,5.713868,0.18813719,8.024099,6.5597267,0.5775596,2.9866583,3.839684,4.810283,2.044216,0.0,5.587398,0.86211586,0.5965077,1.6199484,0.0,2.313359,5.461899,5.1772814,0.0,1.4794897,0.0,0.0,3.2965553,2.5428734,0.1741057,0.0,0.0,0.56430954,1.9768988,2.5035744,0.0,0.0,0.35708076,3.925132,0.8334755,4.5595136,3.241072,2.8199248,1.3266128,2.26638,0.0,0.0,1.8997185,6.1704693,1.3763171,4.4794855,6.0320697,0.0,0.0,1.8929931,0.113180265,4.854775,3.1125867,1.4844512,4.1532164,4.7944546,2.4076278,0.9460963,7.13801,1.2836983,6.0640607,1.8390108,0.0,5.2508845,1.0064515,0.0,0.82247484,1.9704934,3.7457983,2.393494,0.22677259,1.8892542,1.6260415,2.4081013,0.7187799,3.4396114,2.950651,0.0,0.0,0.31576428,4.0588512,0.0,0.0,2.3776734,0.0,0.0,0.0,2.941226,1.0888339,0.5701258,2.896555,2.4461045,0.77100587,1.3661833,0.6503678,0.0,1.4298949,2.4281714,2.1735091,0.0,0.5568373,2.1607213,2.8995638,5.1830406,0.44945976,0.0,2.8914773,4.0136676,1.9192704,0.0,1.1668638,0.0,2.9802268,0.20194963,4.326686,3.3374708,0.0,3.1751251,0.0,4.3244953,4.17472,1.1782665,4.836299,3.5241525,2.954053,1.4747016,3.1349514,1.7049469,0.0,3.9781742,0.0,0.2309938,1.4415053,0.0,1.6964376,0.7197138,1.5347996,5.2703753,3.752957,2.8436785,1.1427616,7.5148563,0.22761986,5.9590406,1.2663866,0.0,4.1522455,0.68404,0.5915442,3.5334926,1.190775,1.4211009,0.7410778,4.5560527,1.8707933,3.601333,2.7031884,0.0,0.9412479,0.633298,3.913162,4.0749855,5.2707314,0.0,0.0,0.0,2.9202435,0.0,1.0552409,2.0438068,5.6706758,1.864765,1.8806652,3.9909089,0.0,1.4985825,2.5680928,2.6006098,0.0,0.0,0.07038554,1.0140827,8.102223,0.0,0.0,4.639766,1.4631687,0.13969047,3.1315947,3.563429,4.252698,7.4140244,1.1131856,4.0440073,1.1625713,0.8963743,2.1330945,5.656005,0.20451315,3.7018726,2.9374487,0.0,4.1165876,0.0,2.1210985,4.8527613,0.13529341,1.6157671,0.0709586,3.4118605,0.0,1.4058527,3.8349247,4.7264643,1.6572914,5.0312815,0.6947728,2.5212843,0.63600963,0.0,0.0,2.1639917,5.757562,2.000102,1.7700043,0.0,0.0,3.5386689,0.015511806,3.1208043,7.643671,1.4144527,0.8463707,2.957759,0.6531292,0.0,2.5665236,1.8164204,3.544934,3.9178991,1.656849,0.32900044,0.0,0.0,0.28186488,3.847766,0.3257169,1.4319353,4.985593,3.8822434,0.73176277,0.0,5.095177,4.5906777,5.867268,2.3493643,3.1220222,3.7210033,0.0,0.0,0.032191325,4.6481686,0.0,0.86380106,2.4713645,0.0,0.028791316,4.6382,7.9776044,1.4814172,3.8900223,0.0,1.9227505,2.9684823,0.0,0.035764717,0.42479312,2.087936,3.7217753,4.6332235,0.0,0.0,2.486581,4.0337977,3.4151113,0.0,2.3063438,4.1869564,0.0,0.0,1.3211721,0.0,0.3896609,0.9394267,0.82488465,1.4904362,1.0401261,2.3905787,6.687014,0.0,2.2210498,6.133737,4.0840025,1.586392,1.2261051,4.9145947,2.152762,0.013913225,1.43172,3.4315712,0.6529636,5.368817,1.9852558,2.6704836,2.7081783,3.3043256,0.66949636,0.041976683,0.0,0.0,6.111319,2.5740178,0.0,0.533629,4.5990744,1.099106,3.36546,1.3751962,0.0,2.665311,0.95725995,0.0,0.94109446,1.6847593,1.8868954,3.8997765,3.2525444,8.217824,1.7006016,0.70330536,4.615903,6.1848755,0.9919759,4.4218135,7.25816,2.7202473,5.7788267,6.0634985,0.0,0.49504983,1.4621822,1.4677804,1.4942771,4.650156,3.8838327,2.6982796,3.9192472,1.8661746,1.467588,2.197062,2.978651,2.5632796,2.3548963,0.99853426,2.031128,3.6923306,3.1158278,0.8473086,2.8956475,0.0,0.06219914,5.379314,5.0319195,2.3652997,4.587824,3.1320245,0.0,4.2190437,0.0,2.3509762,3.9672182,0.0,0.0,1.2787517,2.749453,4.818067,4.5954175,0.0,0.0,2.4594367,0.0,0.0,0.0,0.0,4.0406156,3.4376853,5.6060724,2.5604236,6.04952,4.8729777,0.0,1.079837,3.939217,2.4656546,1.8942622,0.0,0.89496714,0.0,7.17161,2.844362,1.0302848,2.5987158,0.0,2.134557,0.0,1.6460115,1.0577761,10.289028,1.3817911,4.4103413,0.75197047,0.21363652,0.0,0.0,0.80335766,5.4407454,2.3012757,2.2285616,1.9737599,3.775431,3.27182,3.1947968,0.79071933,3.4493525,3.3737142,0.0,1.4555298,3.2711928,3.296927,6.6608725
A9/46v,0.6224581,1.3976665,3.005199,0.0,1.2190133,0.0,2.578147,0.2099679,4.1233683,0.0,0.0,1.2424935,0.0,7.017934,0.0,2.0760527,4.342298,0.3844838,2.9789555,2.6144302,0.0,0.0,1.9673465,0.0,4.8775206,2.5384943,0.03577073,2.3756452,2.2659059,0.0,1.7703927,2.9711058,2.8365555,0.8804267,3.4520955,0.9165031,0.0,0.9118021,0.0,8.692373,0.3510581,1.2129749,1.7181884,2.8994248,1.5507283,2.4461544,2.923026,0.0,0.0,5.538352,6.4011264,1.1466341,0.0,0.0,0.52075416,0.0,4.2496357,1.8627917,0.7325735,0.0,5.196844,0.0,6.960963,5.621156,0.7019079,2.5369287,5.4630275,3.0742867,0.857213,0.0544706,4.0965376,2.4480362,2.1431353,3.4282765,0.0,1.2538141,4.236397,4.4487114,0.10981867,0.7571008,0.0,0.0,3.1946497,4.569259,0.5459729,0.0,0.76039666,0.2427485,0.5772288,1.1287246,0.0,0.0,0.9082798,3.4700007,0.047292806,2.876581,2.8812685,3.8745487,2.3053894,2.6400545,0.0,1.9019743,2.4017415,4.945356,0.62197244,4.6005487,6.1587605,0.0,0.0,1.079543,0.6913097,4.4174523,3.1394336,0.0,2.6646733,3.051573,4.701048,0.118562296,7.084027,0.0,3.5174985,3.2856696,0.029048298,3.4556558,0.53441536,0.63433325,2.2387867,0.75667053,0.0923518,3.5915742,1.7772633,1.6336114,0.7339907,1.7972814,1.405702,3.7474132,4.4175844,0.20794374,0.0,0.0,4.979673,0.0,0.0,1.9327321,0.702636,0.0,1.3900088,2.6364613,0.7539623,0.0,3.9147222,2.6176128,1.9202285,0.0,0.0,1.4076709,0.63736045,1.3795034,1.8484945,0.0,0.8181096,0.7447151,2.6074786,4.396139,0.0,1.5042288,2.376224,3.7964084,1.6997418,1.8987529,0.6310444,0.43360606,0.84897405,0.0,4.9401274,2.5868008,0.0,2.352458,0.37029237,3.6088507,4.115254,3.1373663,5.6182256,2.739351,2.2634897,0.13968062,3.2748804,3.0902677,0.5865743,2.810304,1.5829387,0.0,2.1934164,0.0,1.4275923,0.19488268,0.31828907,4.646101,4.401986,1.3033637,1.4739429,6.9124813,0.6262536,3.9049487,0.36794502,0.0,3.020717,0.0,0.4201961,3.407679,1.1426013,3.0723054,2.8986328,4.3348804,2.7288353,2.697641,2.2902822,0.0,0.6188814,0.8566538,4.140912,2.4399898,4.469518,0.3368581,0.8772287,0.22652498,3.3791473,0.0,1.0944582,3.521541,3.7531624,1.7558303,0.9097676,3.9844239,0.0,1.4688932,0.018735874,1.9471768,0.69825757,0.5101453,0.0,1.8784997,6.483636,0.0,0.28438154,5.4925237,0.0,0.12027195,0.77463645,3.8103533,4.2031145,7.7593274,1.4158707,2.739712,0.81082547,1.268455,0.19999582,5.054091,1.2568341,2.9786582,1.4079925,0.0,4.2800183,0.0,0.50055844,4.2674937,0.77474487,2.52872,0.57310194,2.7192712,0.0,0.7729819,3.0834665,3.253843,1.9037156,3.633588,0.0,2.1856573,0.23417556,0.0,0.0,2.5980964,5.3750877,1.4427255,2.6723282,0.0,0.0,3.4221714,0.5283127,1.5208869,5.6947536,1.3814784,0.0,2.2895575,0.36220643,0.0,3.3151803,0.88193727,1.3922155,4.0396214,2.1761577,1.558265,0.0,0.0,0.20103244,0.65098673,0.22539632,2.5404193,4.3544884,1.666493,2.4918172,2.1954308,4.396954,4.526654,8.247766,1.8162076,2.707787,3.1040938,0.53873223,0.0,0.0,2.720676,0.6488286,0.6747047,2.530685,0.0,0.7578086,4.1532927,5.994097,3.6745064,4.111296,0.0,2.1647773,4.706283,0.0,0.76299274,1.1399817,0.50349385,2.344394,4.3054595,0.0,0.0,2.6009915,2.4200592,3.1066334,0.32375994,2.894207,3.5269642,0.1640207,0.0,0.30554685,0.0,0.5711003,0.0,0.12217337,1.1387502,1.1296202,2.6255016,6.7212796,0.9039025,2.6931431,6.9168878,4.27838,1.034038,1.3923279,1.8280108,2.223476,0.12638958,2.7575917,2.8810189,0.07922511,4.7397075,1.7518401,2.0729668,2.4200106,2.880306,1.5520868,0.0,1.8606447,0.0,3.6604495,2.1789665,0.9320763,0.13903068,4.3214517,1.3092766,2.262479,2.495191,0.0,0.80877024,2.3730662,1.1709242,0.25335386,1.2587702,1.9136549,2.5124183,1.7982805,7.2329664,1.5383819,0.0,4.3108807,3.916287,1.5419782,3.5079815,7.0108724,0.06691132,4.564728,5.436673,0.0,0.3758228,1.3012108,3.4501934,1.6650745,3.602371,4.3216805,1.1102616,3.1111057,0.0,2.7718759,1.1656879,0.707152,2.5633013,2.533216,0.1570297,3.176039,3.0879803,1.8216896,0.0,4.617993,0.0,1.1055726,3.7630033,2.4170706,1.82195,2.2966452,3.143583,0.0,4.1997733,0.59923244,1.3500519,3.874372,0.0,0.0,0.0,2.995335,6.0068545,4.5142493,0.0,0.0,2.8208344,0.0,0.0,0.0,0.0,2.0366971,2.713478,6.251686,0.640405,5.4528995,3.439982,0.0,2.655438,4.0539603,4.334166,2.4761753,0.0,1.4959143,0.0,5.073779,3.4383912,0.1993998,2.4992995,0.0,0.42912057,0.0017717928,1.3599727,1.2389859,9.781528,1.9276719,3.704198,2.8170817,1.2298664,0.0,0.0,2.8563783,6.397156,4.1584783,1.569813,1.0065683,1.9947697,1.692257,2.2530344,1.8094703,2.8853986,1.2864168,0.0,0.41342464,3.482732,2.159831,5.200836
A8vl,1.6457008,0.0,1.0736364,0.0,1.5249269,0.72490597,2.4100838,0.6444676,2.708744,0.0,0.0,2.2116492,0.0,9.717804,0.0,1.4349037,1.6299516,0.1672512,1.1547601,3.719389,0.0,0.0,5.9561276,0.26867154,7.960411,0.194574,0.3804846,1.6603882,1.7474688,0.0,1.7234888,6.049693,4.3176823,1.1648198,2.0546908,2.887981,0.8018578,1.1744534,2.632136,8.1755295,0.89971894,4.0687304,2.678073,0.0,7.191008,4.268485,2.6364985,0.0,0.0,7.9363394,3.33087,0.8360089,2.4810085,1.9095328,0.19489618,0.0,5.108202,2.2912004,0.0,0.38638753,8.909546,0.0,7.7757077,8.940533,0.0,4.3183994,2.0064902,4.3288236,0.0,0.0,3.5746107,5.4616714,5.5508757,2.2900448,0.0,0.59630173,5.781416,2.986181,0.0,0.0,0.0,0.0,0.0,6.5726905,3.9738867,3.014999,0.77441496,2.011674,4.9429383,0.06118162,0.0,0.0,0.0,4.424107,0.0,0.3559916,0.92171407,1.0786691,2.847704,0.0,0.0,0.02761861,3.9406285,6.95253,1.6357201,3.2847311,5.7882023,0.0,0.0,1.4067094,0.8291886,4.071896,4.4191966,0.0,0.0,0.7617763,8.068089,0.13552,7.648478,0.29313773,2.849017,8.537878,4.246272,5.198266,0.8867212,2.9830277,7.6308417,0.0,2.1247504,1.6762813,5.9461036,0.0,1.8047656,4.573438,1.3204126,0.92236644,3.5382104,0.8323901,0.0,1.079291,5.4037733,0.0,0.0,0.60415274,1.2950407,0.0,0.89513063,3.974006,2.49703,3.618497,3.3993096,4.718527,2.9564364,2.5121248,0.0,2.1671588,4.0433054,1.745448,3.9625273,1.8912517,1.5764073,0.10121704,4.289229,6.1007624,4.1875563,3.7817273,1.7511456,0.0,1.5077431,0.5681206,0.0,1.6409764,0.0,4.907057,2.792379,2.234197,0.0,0.0,0.30327153,2.4966967,1.8239012,2.534122,5.653086,3.8530273,1.4960228,2.705562,1.6453921,4.538642,0.87413216,2.5165763,3.4576879,0.4595967,2.9651217,0.0,1.4957974,0.0,1.874605,0.0,6.4079967,0.0,0.0,5.668289,0.0,2.0355225,0.7018874,0.0,3.6979325,0.22913879,2.69767,0.25845236,0.0,0.83847415,1.351845,3.231814,1.9748188,0.0,1.8758767,0.0,1.9498664,2.0093677,2.8238604,4.001391,8.184429,0.24373935,0.0,0.0,1.7536556,0.0,1.2263265,6.0580115,1.145507,0.0,0.37645993,0.7901218,0.0,0.0,0.4319601,4.505709,2.8742058,0.0,0.7593087,2.008346,4.4005303,0.0,0.5379971,3.030712,0.0,0.0,0.67722464,5.206396,0.5288588,6.542901,3.8654566,2.101628,0.73174685,0.5020382,1.1947277,4.2290106,0.29521734,2.2010345,1.6708827,0.0,4.4796224,0.0,1.0728368,1.3084428,0.0,2.868433,3.5304806,2.833616,0.8774371,0.0,4.3288302,1.9553227,4.508967,5.6828604,0.20964436,2.8772314,0.0,0.0,3.495051,6.478147,10.940058,0.57774645,0.0,0.0,0.0,5.191296,4.154103,3.1641512,7.257757,0.45793492,2.0116208,0.09241339,0.0,0.0,3.2358046,0.221053,3.4657893,5.869467,0.8138741,0.0,0.0,0.0,0.0,1.3691905,0.5268542,0.41539082,3.0211043,5.0553308,2.9791863,0.44801378,7.620827,3.8490238,6.432484,4.1739335,4.741415,4.9042673,3.3677986,0.0,1.1974083,5.8468294,2.2295556,0.0,0.97559285,0.0,0.40811288,4.691734,7.878363,0.0,5.076848,3.239082,4.5744915,1.8974793,0.0,2.3807378,1.2328918,1.1283212,3.466537,4.595288,0.0,0.0,3.2943857,3.1101568,0.8412197,0.55721855,1.1335884,1.3319907,0.0,2.6515615,3.099828,0.825168,3.0416014,0.0,0.0,4.9145637,0.073627405,5.259347,4.799623,1.1770355,3.271925,6.244269,3.7411993,0.0,1.2700353,4.361453,0.996885,1.2690976,6.18788,1.517384,1.8690577,6.2010612,7.4458613,0.8552552,1.4348531,5.7734,4.154026,0.0,2.4035933,1.9222114,0.0,0.0,0.8468354,3.8245506,4.7431073,2.0788453,4.406942,4.069852,0.0,1.8788034,2.4843967,2.1217723,0.0,4.44407,1.5782042,2.8735685,0.0,5.1353893,1.1255192,0.0,5.4786367,5.542604,0.31725797,3.366158,7.4549384,0.54627365,3.2369173,4.2513447,0.0,0.0,2.2760649,1.0588753,2.8440876,3.8701024,1.8232318,0.0,1.9114597,0.0,4.7372603,0.0,2.3334897,1.9129289,1.3660371,1.3507047,2.1830711,1.1636916,1.5193774,1.0173708,0.2862203,0.0,2.749057,3.9073708,0.0,0.29821292,0.86783576,1.5354476,0.0,5.139227,0.9249104,6.309786,3.2004364,0.0,0.0,0.6448471,0.6094664,6.586405,5.810624,0.0,0.04220134,5.603036,1.106519,0.86670566,0.0,0.4560268,0.8058979,1.5511287,4.3078413,0.7412661,6.2300954,1.9475318,0.4349351,2.1639314,3.715013,2.1724522,0.0,0.0,2.593975,0.0,4.635814,7.6552944,2.964231,0.0,2.1562643,5.4136825,0.0,0.19247253,1.9799249,6.1400294,0.0,4.5131774,1.2362144,0.0,0.0,0.0,4.454419,6.0611014,4.513824,2.4747796,0.0,2.2659004,3.8942204,0.25139165,0.80681175,6.5572214,2.1594124,0.0,0.5528688,2.9903948,0.3897995,7.373021
A6vl,4.756829,0.0,0.0,0.0,1.6004391,3.0111532,0.6441437,2.9245198,1.7016672,0.0,0.11913819,2.6741488,0.2562815,8.003654,1.867702,1.2979283,0.36179215,1.7104855,0.0,4.237169,0.0,1.0146519,9.015255,2.475773,9.845566,0.83365667,2.6923685,2.5570405,0.3280527,0.42365754,2.484568,6.9279833,2.930799,1.3219529,1.023213,4.7339587,2.0497952,0.4787875,4.5006843,6.8739066,2.1319802,5.207307,2.0762892,0.0,9.050068,1.6372267,2.0902703,0.0,0.0,7.376924,1.7164948,1.9290015,6.345618,3.618567,0.0,0.0,1.9642565,2.3307674,0.0,0.17841218,10.372032,0.0,6.325146,8.925452,0.0,4.8706074,1.6346943,2.5878317,0.0,0.0,1.7282716,6.7455506,7.3504195,1.4742143,0.0,0.37634864,3.679804,2.2768254,0.0,0.0,0.0,0.0,0.0,8.719818,5.616271,4.8919044,3.4047115,2.4840646,6.5472116,0.1113859,0.7669935,0.0,0.0,4.2524257,0.122050144,0.0,0.0,0.04552444,4.0164003,0.0,0.0,2.8725035,4.981389,5.1146817,1.1349236,3.6273878,4.7945266,2.7178512,1.9042178,2.125685,1.9222986,4.837673,5.0892425,0.5267522,0.0,0.0,10.388905,1.6067538,6.719291,0.81866,1.9990023,11.0317135,6.9299784,4.175671,1.66676,6.3615193,11.093762,0.0,0.58810055,2.6730664,8.464916,0.0,3.6925156,5.984275,1.3945074,0.0,2.8796365,1.1756144,0.7466456,1.117074,6.435172,0.45471328,1.5091293,0.5405184,3.2127893,0.0,2.5836656,3.7226748,2.2023582,5.937674,3.2681084,6.11535,4.4198437,3.7491527,0.0,4.46132,5.0612116,1.3325012,3.920419,4.681424,2.990327,0.0,3.4672506,5.8663216,5.0241814,5.0678225,0.78603697,0.0,0.0,0.0,0.0,2.338289,0.0,8.495818,3.0019312,1.0774214,0.0,0.0,0.64462143,0.745799,1.215605,4.8650465,4.6155095,4.3505473,0.9525096,3.0302649,2.7705677,5.398536,2.8579886,1.7982743,5.5436172,0.2601585,2.0997927,0.0,2.3839512,0.0,1.0854001,0.0,7.559134,0.0,0.0,4.094697,0.01377603,0.95546544,0.31914103,0.0,1.8835593,0.68214816,4.4729023,0.0,0.0,0.0,2.3705304,2.5280702,3.2339313,0.0,0.38459575,0.0,3.1582131,3.128929,1.3887234,3.219801,8.996439,0.7288557,0.0,0.0,0.36386243,1.5270367,1.5547361,6.2218313,0.0,0.0,1.0766828,0.0,0.24162167,0.0,0.2918015,4.015522,3.3199224,0.5659468,2.4406252,2.6714494,1.9670297,0.9923945,1.4350363,1.5039144,0.0,0.28281036,0.100115284,5.256499,0.0,5.6544046,4.063939,1.1812723,2.1117697,0.0,1.2743888,3.7157326,2.4699025,0.3020023,1.017702,0.09988884,4.9746127,1.7702652,1.4276464,0.0,0.0,2.2112925,6.2663736,3.9840398,3.191884,0.0,3.0273752,0.0,4.214883,5.5344567,0.21864904,3.0261247,0.0,0.86100054,6.824464,6.9348416,12.439813,0.5455144,0.0,0.0,0.0,7.284874,5.2205834,2.4281867,6.6731005,1.3444566,5.0713205,1.4594718,0.0,2.2354784,1.7229787,1.0787712,2.1664279,5.7998805,0.499811,0.0,0.64548033,1.414124,0.0,1.5661654,1.1835142,0.30800518,1.5692406,4.2289615,3.4658375,1.0274589,9.172106,2.0393195,4.5489044,4.561529,4.7475324,6.3964176,6.966608,0.5207492,2.416001,5.5817895,5.6114984,0.47250995,1.0281541,0.0,0.6348999,3.9750726,5.962092,0.0,5.1247334,4.135674,3.944674,3.5113828,0.0,4.2275033,2.9413838,0.87239945,3.1203887,2.9485736,0.0,0.0,2.7762315,3.1341443,0.0,2.6257434,0.8570572,0.0,0.0,4.888054,4.9021416,2.5988019,4.2218995,0.0,0.0,5.8236737,1.7136513,7.489456,4.4547157,2.2412977,3.320116,4.148167,3.3563051,0.0,2.3633914,2.4390042,0.0,2.6008224,8.505498,2.1230254,2.2469,4.253735,10.2814865,0.34952623,2.2234626,7.0724688,5.512547,0.0,3.6583045,2.7592475,0.0,0.0,2.2336211,5.0492377,2.3980126,4.8164406,2.9182959,6.0894055,1.0596498,2.1243336,2.465487,5.567345,0.0,5.533422,0.53109795,1.9706635,0.0,2.2561905,1.2310632,0.0,3.9507248,2.9023733,0.0,2.3229258,6.5763316,0.30127123,2.1008916,3.0672302,0.41749138,0.0,4.399053,2.3081684,3.8152993,2.2292347,1.7212216,0.0,0.0,0.0,7.2721553,0.0,0.6133999,1.3839446,3.159627,0.6586591,2.0693588,0.4507938,0.24771793,2.0824335,0.3932716,1.6192908,4.011295,3.1778114,0.0,0.0,0.0,0.32495016,0.0,4.7802486,3.2429492,8.753719,1.6829672,0.0,2.011271,1.1098939,0.39009696,7.028057,6.1658564,0.0,1.8166444,6.161818,1.992615,4.194408,2.798856,1.6798257,0.034475993,0.0,2.0028405,0.0,6.1086655,1.0719184,1.8350158,2.5585098,2.7315726,3.0814352,0.40214622,0.24710193,4.4803324,0.0,3.277753,8.415573,2.643371,0.0,2.633218,8.233597,0.0,0.0,1.7276357,3.7602282,0.04877295,4.753724,1.9131753,0.0,0.0,2.3433363,6.445083,6.621855,7.0237527,1.6997927,0.0,1.0673658,3.5476193,0.0,1.3456634,6.7894025,3.3509336,0.0,0.0,2.8314953,0.829963,5.341499
A10l,0.09524375,3.2165916,6.9768963,0.13680075,1.8122593,0.0,3.758469,0.0,3.925497,0.86566883,0.0,1.1524501,1.5371481,8.191574,0.3992629,0.9801838,5.181035,0.0,4.2282495,2.248082,0.40244317,0.0,0.17442527,0.0,3.4500413,2.3780942,0.0,0.8021802,4.5074186,0.0,1.0491703,2.0721645,2.7994595,2.3772855,3.3347404,2.3861084,0.0,1.9962058,0.0,9.722969,0.79699904,0.0,3.342881,5.1564918,0.018659273,5.5909433,4.7410145,0.0,0.0,4.9785614,8.58859,1.3031317,0.0,0.0,2.2802477,0.04837119,6.9277,0.44229972,2.806791,0.0,3.6226804,1.1565648,9.134095,5.319609,1.4358907,2.2600625,5.3836756,4.8124733,3.1643708,1.3306484,6.2581253,0.6241615,0.0,3.1002364,1.148622,2.8919694,5.654271,5.606296,0.85642725,1.5749928,0.0,0.5810931,5.6480455,2.7360516,0.0,0.0,0.0,0.6596472,0.0,2.2276561,0.0,0.0,0.0,4.064124,0.7156298,5.215167,4.1617217,3.7207558,2.036714,4.2337375,0.0,0.66568756,1.7734503,4.249594,1.7635597,4.6137047,6.613706,0.0,0.30423343,1.1045647,0.0,4.4682145,3.2910793,0.44559115,5.2328024,5.7553988,1.7892147,2.111911,7.8016086,1.372309,5.542357,0.7874605,0.0,3.6493301,1.751926,0.0,0.0,4.067367,3.3066058,3.466612,0.0,2.916181,0.8952473,2.324573,1.1833698,4.6837482,3.5862322,0.08446723,0.0,0.0,4.4285736,0.0,0.0,2.0600412,0.5920234,0.0,0.0,2.2114406,0.40553537,0.0,4.014322,3.9271047,0.31612748,0.0,0.0923675,0.0,0.17638172,2.3906474,0.9279382,0.0,1.4968021,2.3919544,2.0060205,3.9988406,0.0,0.0,3.5629907,6.3349857,3.5351636,0.41735214,1.151589,0.0,4.648841,0.0,4.513839,3.3820088,0.0,3.436501,0.18906349,3.978563,4.6079206,1.1767136,5.3455157,2.9761178,2.4892058,0.0,4.16017,2.037451,0.40524036,3.5363278,1.2720933,0.0,3.0033844,0.40361822,1.0797825,2.534905,0.12257661,7.7435174,3.8629835,2.92394,2.5442946,9.461662,0.21574351,5.0984597,0.48140544,0.0,5.148988,0.42979044,0.47376397,4.6619253,2.2671733,3.3529823,1.1498902,4.7974644,2.0713933,4.591669,2.1371655,0.0,1.1056087,0.15354285,5.2794175,4.375062,4.2906523,0.7055808,1.2666259,2.1163235,3.7468743,0.0,0.0,1.5369984,6.135659,2.836477,1.5460017,7.1740584,0.0,2.2189062,3.1813047,2.6164434,0.0,0.5164427,0.0,1.3429115,8.908532,0.0,0.0,6.620847,0.6268375,0.0,2.4398518,3.4699385,5.1918387,8.63546,1.5312419,4.2482977,0.023775976,1.9087051,2.3442657,5.103158,0.4828425,3.8792346,2.2159808,0.0,4.526625,0.0,2.15425,6.0702057,0.38021994,2.0031433,0.0,4.447639,0.0,2.3960721,2.89495,4.1372204,1.8829514,4.812956,0.49207142,3.0951917,1.3138388,0.0,0.0,1.8437787,4.601371,2.426883,3.7845347,0.0,0.0,3.306327,0.0,3.420795,7.8206472,0.67751753,0.0,3.9346635,0.309107,0.0,4.099816,1.3647765,2.1041338,4.7633047,1.5645725,1.6392124,0.0,0.3464057,0.0122041665,2.904204,0.8147363,2.5631409,6.4854345,1.6882203,0.6766843,0.9595466,5.400339,4.5872273,7.025554,1.0624262,3.0537364,3.8984196,0.0,0.0,0.0,2.203939,0.0,1.8917915,2.2773433,0.0,0.0,5.6412563,7.7159815,3.6218345,3.2231133,0.0,1.9420072,3.870943,0.0,0.021737061,2.0791829,1.4005249,3.2554908,5.079219,0.0,0.36295676,1.0364381,3.6143413,3.9234085,0.0,3.603617,4.950506,0.0,0.0,0.80247265,0.0,0.0,0.9249609,1.601755,0.95393276,2.4369025,3.432454,6.496965,0.3145291,2.1468601,6.694812,3.7719553,3.1553853,0.44291863,3.5749743,2.7287395,0.0,1.3186995,5.657906,0.0,6.4224653,0.41155338,2.985549,4.2694936,2.4706414,0.25609615,0.6062346,0.0,0.0,7.571233,3.05748,0.0,0.0,4.88514,1.103735,1.7760075,1.5990483,0.79410845,1.3981146,2.090168,0.0,2.7111595,0.45102504,1.9939612,5.0410423,3.5307212,7.598959,2.4073465,0.7336638,5.3496876,6.066901,1.2694577,4.870641,7.0151954,1.9113197,6.6278434,7.4979115,0.0,1.6129872,0.43753853,2.5760283,0.6222692,5.782638,5.5367813,3.9112327,4.6122603,2.038519,1.5218341,2.7708464,3.990588,3.5601263,3.5614183,0.55711746,2.8945918,4.1899657,3.363719,0.33226347,5.885275,0.0,0.0,4.8131905,6.1491647,3.209945,3.5183997,3.7812803,0.0,4.454229,0.0,0.11981519,4.3171926,0.0,0.0,1.24496,4.463923,5.2449393,5.3964095,0.0,0.0,2.5384443,0.0,0.0,0.0,0.85623413,6.3868523,4.300213,6.711136,0.9563832,6.0390415,5.0772505,0.0,2.5407233,5.2676463,1.8997093,3.1410258,0.0,0.571648,0.0,7.812413,2.1132543,1.8550737,4.4632277,0.0,0.5533308,0.4727227,1.7750528,0.43175104,12.138281,2.437694,3.570726,1.243808,1.3225565,0.0,0.0,0.11664606,5.670783,2.5666158,3.1049707,2.6585467,2.9581268,2.8495343,2.328028,1.6096569,1.6875285,2.2184007,0.27877003,1.8742522,5.14487,2.905,6.034261
A44d,2.8827198,0.4567461,2.6830356,0.0,0.24784839,1.435245,1.096376,0.0,2.1851282,0.0,0.0,0.23622964,0.0,8.995636,1.593928,1.1940911,2.2565143,3.125415,0.97713333,3.1554897,0.0,0.0,5.7360735,0.0,8.475826,2.3660595,1.1100088,2.1567252,3.7590876,0.0,2.4457529,4.5911775,2.4302635,1.7442644,1.982418,4.7488275,1.51398,1.519548,0.9933013,10.1796055,1.6563308,2.5157952,2.7782607,0.40083355,3.727071,4.067529,4.0726366,0.0,0.0,7.1836767,4.37724,1.592357,3.4142156,0.9440691,0.1769578,0.0,2.5969014,2.152342,0.0,0.0,8.0786915,0.23167603,8.329033,8.509022,0.0,3.5917099,3.7197394,3.8139203,0.6240269,0.0,3.4003692,4.327845,4.6850657,4.382638,1.4147195,1.4555366,5.4606376,3.9764345,0.0,0.0,0.0,0.0,0.0,6.655555,2.7442882,2.2362359,1.8002574,2.680535,4.0003076,0.6581845,0.0,0.0,0.7156132,3.859362,0.0,2.076236,3.6819987,2.7517176,2.5372136,0.0045208246,0.0,2.607725,2.30551,4.3400273,1.2292982,5.339843,6.126454,0.0,1.1613225,1.4887714,1.8439496,4.7699285,3.8539255,0.29269895,1.2476585,0.37327838,8.996115,2.328754,8.179116,0.0,2.4513187,7.5469575,3.7915978,3.56045,1.8564162,3.1336744,6.112332,0.0,0.0,3.5411665,3.499817,0.0,1.9843309,4.4134374,2.5687132,0.83505213,4.3525805,1.3411763,0.0,0.0,7.3215995,0.35495448,0.0,0.86974144,0.8162249,0.0,1.5808234,4.0687165,0.9237929,3.3319044,4.7724953,5.3228974,3.3344328,1.9606345,0.0,3.1892316,1.3661374,0.8197892,3.3523364,0.9730215,3.2606602,0.0,2.6638963,5.156831,1.1970413,3.0685403,1.6100951,0.0,1.5778711,1.3114055,0.0,0.6199709,1.2328426,3.7827325,3.6029143,2.5879014,0.0,1.188117,0.0,2.6644454,3.3371205,3.252221,3.9776568,3.74795,2.6196382,0.6330185,2.399054,4.5957522,2.098262,0.96059716,4.0949035,0.06841156,1.9768908,0.0,2.0561488,0.037567295,1.36048,3.0993783,7.140076,0.0,0.0,7.3023005,0.20459893,3.2981791,0.0,0.0,2.959881,0.0,2.3440006,3.9209309,0.3294872,1.8676199,3.359132,4.109436,3.489009,0.4186007,1.7548531,0.0,2.2064757,1.5759099,3.1888893,3.3893745,7.8703246,0.40720963,0.0,0.0,0.20165811,0.4248401,0.16569126,5.7544546,0.46197084,0.0,1.1834236,2.2497027,0.0,0.34489414,0.9003033,3.556394,1.6314628,0.6883905,2.0859673,0.97372967,4.7691765,0.0,0.6090094,3.378301,0.0,0.0,0.8413207,3.4883296,2.6497288,7.7117944,2.9329624,2.7167685,0.38932487,0.4348622,1.4914792,3.8338833,2.185723,1.2072425,1.7998487,0.0,4.466122,0.0,1.2048331,2.600793,1.382974,3.0456738,3.2488153,3.3583019,0.3555199,0.83593166,4.875392,2.5816348,4.0101995,4.667253,0.0,4.9658537,0.0,0.0,2.860202,5.34698,9.606399,1.5208082,1.2122796,0.0,0.0,4.838827,2.7951152,1.570979,6.7873983,0.8160044,2.886022,3.0064342,0.0,1.1942272,1.7666887,0.36245126,2.4453886,5.1953063,1.4789737,0.0,0.0,1.6509665,0.0,2.3307014,0.54734296,1.920625,4.1126575,1.4436644,2.1261325,2.0737405,9.256557,3.2788157,8.85665,2.3044922,4.7973156,5.2951846,3.3191695,0.0,0.2746143,4.788577,3.1397185,2.1826074,1.7307975,0.0,0.72166747,4.595487,7.6781864,0.0,5.9530754,1.5643363,2.5898385,4.079992,0.0,1.1638145,1.0329299,0.31668642,2.1877308,4.770628,0.0,0.12648492,1.6728745,2.9053717,0.9149553,1.4795265,1.266206,0.0,0.0,2.4138987,3.619069,1.8609933,2.0374038,0.0,0.0,3.4580467,2.3168833,6.790576,5.5873904,2.4360116,3.2870064,6.23407,2.9583366,0.0,3.5088096,2.5868332,0.79717267,2.2138512,6.4088817,1.5953681,1.8058056,7.6298904,7.604257,1.3330802,2.5940764,6.0252614,4.053309,0.0,1.508195,0.3902342,0.41483295,1.4385053,1.3521495,1.6704764,2.5859025,4.1743045,2.2881548,5.048367,0.13945118,2.1005547,3.4303153,2.693044,0.0,3.1940775,0.3327503,2.599128,0.9108946,6.2800283,1.0816398,0.020724326,4.317544,3.7528238,0.0,2.90338,8.553485,0.82765365,3.5637496,5.567152,0.0,0.0,3.472835,3.1529365,0.763589,3.0730364,3.9347503,0.0,1.3004518,0.0,5.8530564,1.1607648,1.6066685,1.0565984,4.045133,0.0,3.4333072,3.8875005,1.238455,0.0,3.8644214,2.107008,1.6369246,4.391309,1.5360234,1.2451571,0.32885188,1.4456253,0.0,4.5047393,1.4127531,3.5439682,1.8695043,0.0,0.9384083,0.9322045,3.1803544,5.8322277,6.333278,0.0,2.6299736,4.851077,1.2427715,1.6737698,0.46130142,1.3072201,3.4818468,1.9948827,5.4013495,0.0,6.425566,1.8993676,1.3481667,3.6656811,4.780513,3.056851,1.7917955,0.073025554,2.3983436,0.0,5.855131,7.1834006,2.5250697,0.0,0.8282003,5.714037,0.0,0.0,0.0,8.347701,2.06673,4.6079392,2.5474393,0.0,0.0,0.8897249,4.994796,6.2980356,6.2317677,2.323146,0.71385735,1.7840122,2.066075,1.0376062,0.6719438,4.193358,2.599514,0.07653603,0.0,4.633521,1.5577136,6.907137
IFS,2.462466,1.2532752,1.8957247,0.18134518,1.5974724,0.5511669,0.47112465,0.3977321,2.7816765,0.0,0.0,0.10439263,0.7991356,8.652583,3.2229912,3.5232773,4.010517,5.4286585,1.9073055,2.3963215,0.63364774,0.0,5.074303,0.0,7.8811455,3.4392183,3.7734182,2.1358793,4.899235,0.5888753,5.563443,5.404525,2.9234753,0.01953762,3.2228372,4.1828265,1.678935,1.6083755,0.0,10.2085,1.4066623,3.230063,3.2001894,0.33883268,0.9476163,2.3436203,2.9426744,0.0,0.0,5.9443483,8.936524,1.5684825,3.0932474,2.1843445,1.9188718,0.0,2.6571467,2.9292648,0.0,0.0,8.125931,2.6248353,7.324697,8.234787,0.75300694,3.6061368,4.396144,2.792916,0.7544,0.0,4.8509593,2.815733,5.052343,4.6208696,0.0,2.523407,6.090015,3.8837972,0.80310863,1.7997097,0.0,0.0,1.0739596,4.6449456,1.2537512,0.0,1.8754401,0.20004839,4.1895943,4.1451344,1.3593085,0.0,1.499827,3.4480033,0.3810338,3.765291,4.660375,3.7955577,2.940907,2.2058947,0.0,2.8587592,3.265832,5.2827916,1.6299633,7.582643,6.6934066,0.0,0.4748287,1.9348817,0.86412174,3.819395,1.8660378,0.0,3.45826,1.2074937,10.755838,2.8851564,6.9626,2.0723543,3.7375257,8.698046,2.499299,6.3250623,1.618026,2.9556067,4.434683,0.0,0.0,4.781576,3.511537,0.7374179,3.7882133,4.162921,1.5985423,2.9677825,4.50851,1.7537382,0.0,1.158645,6.7309146,0.8448222,0.0,4.7143316,1.0195385,0.0,1.7488978,2.8488898,2.662702,0.20139016,2.3666718,3.042018,5.5328736,3.8141654,0.0,5.826247,3.6253755,1.2680827,3.5898578,0.61858076,3.3391154,0.0,4.5842686,4.6982903,2.2401628,2.7904656,1.4583948,0.64699763,0.9067625,2.7617917,0.015648799,0.0,2.1385748,2.7585485,6.3963385,4.6022987,0.0,2.0896266,2.4534078,5.429699,5.2697535,5.294231,5.4287443,2.0176382,3.4908943,1.3507141,2.4603326,4.664793,1.2994099,0.0,2.9543486,1.7062593,0.0,0.0,0.8839608,2.7313807,1.4731287,5.900118,7.9412503,0.0,1.5607648,7.2132673,0.29134348,4.486628,0.64944154,0.0,2.3269334,1.0439061,1.6682153,5.5051136,0.677964,2.3443134,5.128452,6.4170656,5.738285,0.69279146,3.7909036,0.0,1.3030493,3.55826,3.7157125,3.7048593,6.297787,1.7460338,0.7790877,0.0,0.45872164,1.3469517,2.2525742,4.7217317,2.5673747,2.0449126,2.5025604,1.0411953,0.0,1.2218992,0.33714867,0.0,1.4736805,3.739388,1.7483375,3.1233325,4.872336,0.0,1.4779836,4.7065997,0.0,0.72861993,0.0,3.9522853,3.7697275,7.074759,2.122283,4.000846,1.3021194,1.0163583,0.0,4.1038947,3.7462595,1.5428102,4.41387,0.0,6.541744,0.0,1.6608934,3.8519795,2.8108952,2.8518815,4.576969,2.8591356,1.2145703,1.8861364,4.1965466,3.320258,3.67732,4.71729,0.0,4.2134366,1.3691562,0.0,2.038637,3.7805414,7.1794896,1.4609205,3.49933,0.0,0.5655989,4.4542837,1.9622456,0.0,5.777176,1.3739709,1.4722947,4.9151573,1.557153,2.1936374,2.168846,1.3388017,4.429832,5.2198515,2.4663424,0.0,0.85577464,1.6435701,0.20378287,2.8476515,1.8467348,1.9400953,4.0635085,0.4292162,4.496342,2.3370397,7.4556937,3.088232,9.409566,2.033075,4.2570853,3.233898,3.6014974,0.0,0.0,3.6283875,3.3120434,1.8907614,4.3219204,1.7268641,2.0457113,4.796084,6.2950835,2.7542357,3.5488107,0.58502805,1.4892807,6.403023,0.0,1.3076539,0.0,0.85490763,3.4407845,3.7479908,0.22078443,0.13492475,3.8456495,3.3648634,3.1558657,0.8711512,3.6053782,1.4022889,1.3224748,1.6674733,2.6559405,0.3786554,2.8907254,0.0,0.47464234,3.3496363,2.105861,4.1674466,8.07676,1.154701,3.4243355,7.2590647,5.1105967,0.06240943,4.8909473,2.355799,1.4229734,1.0321832,4.4192266,3.4695017,0.27749252,5.8406663,6.234122,1.4803327,4.411637,6.583454,4.4344697,0.0,3.0797615,1.0294883,3.3208082,2.5314333,1.6448787,0.95009524,3.1946483,3.7522628,2.3289742,3.4448416,0.30684644,2.8194077,4.083769,3.6618452,0.0,3.0409086,1.127424,4.771194,2.5860996,8.838469,3.9087718,0.0,3.0964763,4.961344,0.0,1.9912636,8.496362,0.66456795,4.3768644,5.941213,0.0,0.86038184,2.7236736,3.1401925,3.1992867,2.1400607,4.25343,0.0,3.6044576,0.0,5.9036174,0.45911586,1.6990093,1.2631247,3.4033167,0.0,4.8146915,5.7798758,2.9239242,0.0,4.1822367,2.2084675,1.2514633,5.7461653,3.9493523,3.35489,2.2107792,2.462984,0.0,4.7220087,2.51044,4.5221634,3.2750819,0.0,2.651304,2.011689,3.005392,7.0817976,5.5578394,0.0,3.5260954,4.2381845,0.0,1.0857477,1.0283799,0.6752766,1.9472831,1.7907273,6.347267,0.0,5.4705815,3.4600313,0.0,2.7510736,4.960103,3.5130582,2.4643283,0.7865649,1.428498,0.0,5.9564915,4.8032827,0.017190084,0.32888544,0.24090922,3.1097844,0.0,0.0,1.3989985,9.541442,4.8085537,5.350575,4.2225494,0.83782184,0.0,0.27327582,6.251033,6.1865425,5.3037972,2.1351867,2.3580256,1.5694673,2.7114618,3.3119245,0.0,5.3275447,1.319718,1.6468731,0.05890829,5.2881794,0.9881025,5.340539
A45c,3.1826952,0.33162102,3.1609292,2.5630498,0.14550713,2.028795,0.7052106,0.12337358,2.8869948,0.0,1.2859858,2.5121746,0.70666236,7.8355002,3.9871452,4.377039,3.5197718,3.6334295,0.6409071,0.5263537,0.24643017,0.0,6.4654655,0.0,8.151372,3.3173985,1.1513175,3.6784294,5.468848,0.6247865,4.5733223,4.7009687,2.4217415,2.3469298,3.2863708,5.033091,2.6283104,1.9891113,0.46996436,9.11231,2.2698998,2.2566223,2.6637192,2.3211415,2.9433198,3.8676803,4.100381,0.0,0.0,6.5350595,5.472909,2.2925873,5.445078,2.1340551,2.1597779,0.0,0.32521957,3.3928082,0.39099038,0.0,7.614562,0.1546406,6.027561,7.1872373,1.7293878,1.8752666,5.335465,4.244712,1.1472902,1.7356237,3.2561958,2.8787887,3.4332993,5.686405,0.91015834,2.032793,4.2942038,4.2680616,1.0611078,0.95004666,0.0,0.0,3.0130064,7.308816,1.8204373,2.23258,2.204027,0.0,3.317371,2.3032475,1.8306767,0.0,3.0549061,4.5682354,0.0,4.8512115,4.4722896,3.415361,1.9812173,2.1068294,0.0,4.2701707,2.7145019,3.3842125,0.8276961,5.8803396,5.2583838,1.3414795,3.3154354,3.1919305,2.3956034,4.506792,4.103718,0.3023231,2.4430645,1.424367,9.243418,2.777259,9.030444,0.08534435,2.687099,7.741102,3.3673015,2.827248,0.008208433,3.5273747,6.192387,0.06907666,0.9825981,3.1581907,4.91716,0.8240962,3.3699663,3.0826125,2.9335222,2.9000058,5.0654283,3.8046339,0.84746677,0.75584936,6.910666,1.5773757,0.0,2.0820794,0.0,0.0,2.9573214,3.4262128,1.2240887,1.3743963,4.788914,4.6522193,4.4912553,2.817909,0.0,3.377367,0.9384116,1.6007451,4.9131613,1.7976066,5.8513255,0.35319728,2.4559338,5.8891087,0.0,2.926208,1.5814868,1.8709471,3.2248921,3.087461,0.0,0.40235278,0.30858666,4.6992292,3.4998255,4.153873,0.0,4.870403,0.0,3.2554765,4.2907763,3.5894685,4.07466,3.7807636,3.3503213,0.7165066,2.1693711,4.148303,3.0306954,0.9959446,3.7609766,1.2996577,0.0,0.0,0.8543281,1.7367089,0.0,4.1405783,6.1411386,1.7204548,1.1770153,5.896277,1.992449,3.680317,1.6189644,0.21533804,2.112387,1.73343,1.8016326,5.3714466,2.266571,2.497201,2.9349687,3.749659,6.4474907,0.2229257,1.2639269,0.0,1.8840208,1.0930868,4.1101985,3.1184008,7.010469,0.72935563,0.98631614,0.0,1.2216358,1.9392439,1.233922,6.0765767,0.753054,1.621583,2.4447174,3.2875135,0.33848068,1.6040143,1.1557279,0.9592444,1.0425322,2.9226844,1.9785731,1.2430862,4.9981794,0.3150405,2.7351506,2.5097823,0.0,0.0,0.26289967,3.9446173,2.982509,8.005562,1.9418523,2.6002862,2.778719,1.8801992,0.0,3.9928164,2.4819243,3.172654,1.7971727,0.07721666,4.0896354,2.027138,1.7332346,1.1595112,2.4203463,2.8725355,2.9444318,4.965508,0.5091754,3.5591598,5.354052,1.6324298,4.4669347,4.3392205,0.0,6.4099464,1.432741,0.45763725,2.993893,3.6791148,9.747943,3.0218265,2.0300593,0.0,0.0,3.896305,1.8671508,2.007972,4.823185,2.6603296,1.2415305,3.85385,2.3539152,3.4478774,1.6447324,0.0,2.4329908,5.377977,0.8018085,0.0,0.47476733,3.1589532,0.0,2.278102,3.7863016,2.2830894,3.7066228,1.6489892,3.754018,4.6503496,9.291152,3.6839879,11.179616,1.2071677,5.246094,4.139835,4.5519323,0.0,0.15699886,3.163881,4.0372806,2.8046837,2.3524742,1.983345,1.9981117,4.426404,6.7303967,1.9035687,4.758873,2.5436144,1.9262315,4.110299,0.0,3.2730663,2.475397,0.8767486,2.5748792,4.1239176,0.3319302,0.0,3.384948,2.3240867,2.1486273,1.3547479,2.2032297,0.4866766,1.6231252,4.1407065,3.2595458,1.2650849,3.011419,0.0,0.0,3.160437,1.8180394,5.7455015,5.8972487,3.4160938,3.398513,6.7634306,4.4121027,1.3927568,1.8522722,1.9471343,1.8819863,1.506262,6.846717,1.763646,4.454294,6.7515173,7.291573,2.8152452,2.7553442,6.955759,2.4682398,1.810293,3.4013662,1.6582286,3.334996,2.7030852,1.9532179,2.2199728,2.359921,4.8793254,1.4183666,5.615025,1.458206,1.8808173,3.0467055,1.840853,2.659693,4.0110235,0.43256077,4.296475,1.9031103,6.6587577,3.1310942,0.0,5.8974104,2.9640005,0.1396341,2.985707,9.172561,0.295967,4.526862,7.167318,0.0,0.23779672,4.8722897,4.5988283,0.3470561,4.934452,4.427382,0.0,0.5446685,0.0,4.405169,2.5799823,2.0977633,2.4054039,4.6984453,0.66968435,5.6298804,4.979902,2.3041387,0.0,3.2357426,3.6653748,2.2454937,3.743674,0.7439083,4.075675,0.0,2.037128,0.0,2.5677114,2.6037776,3.3134139,2.4054525,0.0,2.173544,3.1209426,3.8670864,6.6579027,6.793123,0.0,4.43536,5.3784347,1.7889982,1.2825795,2.1480992,0.0,5.0931373,1.4757619,7.390295,0.0,6.1880846,1.105402,2.993642,5.2474875,3.37894,4.678237,2.9965003,1.5522046,2.7015111,0.0,6.1802263,6.2940717,0.71426594,2.59262,2.0112638,4.3570213,0.0,1.130762,1.2391934,8.998837,4.5016794,5.4474654,3.4240005,1.0530888,0.0,1.8481629,6.8811474,6.613721,6.4704537,5.2457943,1.8083287,2.6902893,0.9480542,2.3070042,0.6345112,3.6619506,2.3027587,1.5467051,0.0,4.0722513,0.0,8.5656
A45r,1.5909413,1.5963036,3.6121602,0.0,0.35652965,0.0,2.9223104,0.0,3.314632,0.0,0.0,0.0,0.0,5.546293,0.7452426,0.9763328,3.4903488,1.4144301,3.1653926,1.3534908,0.0,0.0,1.5004919,0.0,4.736321,2.4311745,0.17300944,1.946033,3.6522746,0.0,1.5354924,2.7421181,1.8843635,2.7918131,2.021309,2.3741708,0.0,1.9750952,0.0,8.962763,0.47233623,0.0,1.5564188,2.7727435,0.49875128,4.430261,3.8549254,0.0,0.0,4.738122,6.305663,1.7772233,0.0,0.0,0.0,0.0,3.1683345,1.5418247,0.47472623,0.0,3.844047,0.0,6.993204,5.3636985,0.44954315,2.1398256,3.8902152,3.0114913,0.7466336,1.1587877,6.0737276,1.1884016,0.89854234,4.804784,0.78208214,1.4777728,3.7804945,4.6941876,0.29713282,0.59060436,0.0,0.0,3.266688,4.760486,0.0,0.0,0.0,0.6364077,0.5273175,1.9108452,0.0,0.0,0.18326128,2.7861047,0.0,3.413469,3.3647878,4.1108437,2.0664132,2.2862403,0.0,2.9598505,0.7319103,2.4600983,0.84433925,4.710593,5.772449,0.0,0.7140097,0.3632461,1.0651207,4.0825725,2.6090376,0.0,2.5311308,2.3366508,3.5364974,1.0699676,8.38672,0.11321787,3.5529337,2.0068872,0.7620075,2.6246347,1.7544357,0.013405152,1.7157905,1.2900401,0.12515265,3.093993,0.28339744,1.3827578,0.45204508,1.1292655,1.9250888,3.484494,4.503765,1.0834036,0.0,0.0,4.842413,0.0,0.0,1.5551845,0.9141884,0.0,1.1687208,2.9025104,0.24845728,0.7496942,5.034119,4.2859163,0.4870055,0.0,0.0,1.3733752,0.0,0.72536886,2.368275,0.0,2.9359229,1.1529963,1.4228352,2.9124672,0.0,0.81277114,1.8937275,4.0779877,2.8099215,1.5544502,0.0,0.0,1.2257475,0.0,3.6002808,2.9564152,0.0,3.1702366,0.0,2.8606849,4.8038516,2.7497096,4.3010864,2.0757124,1.7775301,0.0,3.1371293,3.2513504,0.822294,2.6338618,1.6346475,0.0,1.5133123,0.0,0.52297443,0.9983661,0.38275516,5.7855735,4.7182446,1.1208405,0.6464177,7.0169106,0.707574,3.38803,0.3369817,0.2726223,2.825432,0.0,1.3885442,4.0347137,1.1766704,2.4131048,2.3844633,3.7438853,2.2993453,2.8911946,0.68768156,0.0,0.6439272,0.0,4.4707355,3.4610312,4.110905,0.73787075,0.2670097,0.0,3.2328012,0.0,0.24222806,2.7311149,2.475205,0.49284863,0.9976461,4.037522,0.0,1.2085491,2.2460344,2.0045934,0.109910354,0.79243183,0.37696317,0.29849422,5.521179,0.0,0.1853635,4.798504,0.0,0.0,1.3341328,3.8558962,4.0931687,6.933957,0.84382886,3.8188844,0.3237308,0.6437356,0.97849005,4.79188,1.8050426,2.1173563,1.3866454,0.0,3.550661,0.0,1.0525436,4.1564646,1.7299545,3.0477924,0.118820205,2.234357,0.0,1.6510026,2.0093534,2.784775,2.1097264,2.6663861,0.0,3.8319244,0.28320032,0.0,0.0,2.8996947,5.7295523,1.4419341,1.8482616,0.0,0.0,3.4221601,0.13154927,0.8224494,5.543409,1.2432297,0.39308745,3.1620219,0.0,0.0,2.6341028,0.0,1.1897098,3.00498,0.32533473,0.59622544,0.0,0.3219849,0.0,0.84101474,0.35857266,3.2301915,4.998101,0.0,1.8751616,2.1847625,6.210975,3.2692525,8.601088,0.37139627,2.2229252,3.7109756,0.5974985,0.0,0.0,3.5422294,2.0692875,1.8689315,1.3266673,0.0,0.0,3.9007146,5.1101274,3.251979,3.7995384,0.35754198,1.1784272,3.692586,0.0,0.47052568,0.7617258,0.0,2.0129585,4.1945424,0.0,0.0,1.412586,2.2826066,2.4020026,0.0,2.3530557,3.3230898,0.0,0.15697724,1.4597461,0.0,0.0,0.1981868,0.28234828,0.7562775,2.7010942,2.5484507,4.919343,1.8320699,2.5729797,6.1802974,2.9044678,0.7174177,0.7811551,1.4092188,1.6556033,0.0,3.3297997,2.3951828,0.81282586,5.827019,2.128842,1.1839924,3.1892276,3.3227925,1.0840868,0.0,1.6776968,0.0,2.9619281,1.8071872,0.0,0.36600417,2.6854537,2.3321905,1.2169114,2.6245654,0.30253398,0.0,2.3412855,0.17762321,2.3749473,1.3439473,0.0,3.2586381,2.2946525,7.056389,1.6522237,0.0,5.221011,3.05724,0.96803373,4.0337753,6.0977035,1.0736128,4.417874,6.4051514,0.0,1.2164984,1.5110999,4.106897,0.0,3.3968382,5.0610976,1.9576102,3.1833308,0.0,2.860426,1.8902255,0.9789397,1.0899117,3.5918105,0.0,4.3426995,3.830041,2.5589397,0.0,5.7720613,0.14169447,0.23558089,3.107364,3.7617455,2.4324892,2.0272493,2.6436012,0.0,3.4376369,0.0,0.43755326,2.4420593,0.0,0.0,0.0,4.365893,4.66856,4.1621284,0.0,1.0684588,2.1469405,0.0,0.0,0.0,0.0,4.171338,2.9553583,6.3611617,0.0,5.213556,3.9547715,0.0,2.939416,4.0128903,2.5798974,2.7744339,0.0,1.0671962,0.0,4.8797092,4.1772547,2.2434945,2.1283112,0.0,0.6315306,0.009359047,0.6112737,0.23036414,10.056184,2.775884,3.7793336,3.253478,1.7115659,0.0,0.0,2.6613343,5.2702236,3.6034284,1.3358176,1.7763127,2.5225313,0.54713655,1.2613367,0.67211735,1.3138049,2.8265429,0.0,0.0,4.821226,1.988356,4.81208
A44op,2.6901531,0.43318486,5.159083,1.0273752,0.37533128,0.0,3.4112792,0.0,2.9328213,0.38814777,0.11942864,2.4316525,0.0,5.81691,0.6585604,0.31976828,2.2625601,0.5237714,2.36318,1.8886716,0.33775753,0.0,2.4273024,1.4204375,5.401227,2.3890264,0.0,3.5747998,3.903552,0.3401357,0.6021559,2.781521,1.6575398,3.1489413,3.3673964,2.4309788,1.0863574,1.5628891,0.78369343,8.14419,1.7715787,0.60052544,2.4732828,2.677969,3.3336608,5.311598,3.5884519,0.0,0.45267248,5.556775,3.7490547,2.4112368,2.1809642,0.0,0.4203366,0.0,1.9577835,1.5536073,0.7317097,0.0,4.1826496,0.0,6.3933206,5.2013474,0.50723815,1.3280377,4.854256,4.3070054,0.24353552,1.9551244,2.1385512,3.1457548,1.9180843,4.948806,2.6799698,1.1654255,2.585706,4.3360476,0.3713394,0.0,0.0,0.0,3.4030256,6.1158853,1.761747,1.2078917,1.3971828,1.3809202,2.3366444,0.24257995,0.0,0.0,1.7560935,3.497521,0.0,2.3243415,1.9418052,1.8529373,2.2103329,1.2607359,0.0,2.2828474,0.65360516,2.292385,1.0882223,4.204004,4.6056476,0.0,2.5028443,2.7701087,3.9154854,2.6212738,5.361806,1.5457677,0.31255475,1.2199669,4.101343,1.8056699,8.661902,0.0,3.111677,2.414901,2.9398131,1.4807588,0.4860409,1.5952295,4.72913,0.65802574,0.40809625,2.6789486,3.0321236,0.9088513,0.0,1.2560811,2.579502,2.0619037,3.123789,2.927078,0.55082893,0.39918908,6.5656047,1.7664654,0.0,0.6479586,0.2786673,0.0,1.8596089,2.692988,0.0,1.7645674,5.678558,4.3851185,1.2359769,0.0,0.0,0.0,0.0,1.4631944,2.0546196,0.8336944,3.4487684,2.150241,0.0,4.3143106,0.0,1.0146122,1.4947448,1.9190162,3.8730807,1.5391264,0.0,0.6585409,0.054302048,1.3335557,1.655763,1.6837957,0.0,3.982469,0.0,0.32979792,3.3433037,1.2103677,3.0716023,4.9515305,2.0775256,0.0,3.311507,2.6935859,2.547753,2.516544,2.0673075,0.0,1.2206593,0.0,0.0,0.0,0.0,2.2937107,4.33192,1.9067725,0.7578818,5.3614416,1.6483573,3.1233416,0.0,1.1815305,1.8996465,0.39454666,0.6386066,3.3827991,1.8368183,1.2433408,0.4116327,2.008508,1.7698929,2.566438,0.0,0.0,1.2777101,0.0,3.6684964,4.1624427,5.6466236,0.9960735,1.5820692,0.54604137,1.0319409,0.03919472,0.0,5.1440268,2.6544628,0.0,1.0945525,4.1972146,0.19377154,0.93030584,2.1712797,3.6752024,0.55709136,0.0,1.1492242,0.0,4.5464025,0.0,0.5449822,3.016334,0.0,0.0,2.728924,2.6854928,4.2233315,6.7017875,1.6875631,0.10402129,2.631205,0.53791463,2.4402163,4.190923,0.4167133,4.673605,0.7697378,0.0,1.571718,0.98350096,1.5546091,2.2274804,0.0,3.3758864,0.28176472,4.311923,0.0,0.93815833,3.3325493,2.1474438,2.527003,2.9441884,0.0,3.470731,0.39925337,0.97401756,1.2694067,3.629376,6.9861584,1.236526,1.2269892,1.0748855,0.0,3.7825174,0.5872249,2.1022887,6.1465774,1.9407893,1.836582,2.3973792,0.17167465,2.3607607,2.457346,0.0,0.0,3.3335557,0.0,1.0240147,0.35639793,1.6384871,0.0,0.80953974,1.8528713,2.5417757,5.405566,2.1324933,0.5167556,2.9302068,8.729115,4.350699,8.978017,1.2611531,3.179667,4.8479657,1.6504465,0.0,1.1047947,3.1963744,1.4739519,1.9325787,2.7056808,0.0,0.0,3.4118812,5.90774,0.8668555,4.6870894,1.298658,1.9721925,1.8256868,0.0,2.353837,2.1015732,0.67614067,1.568517,4.664818,0.0,0.29333228,2.6672585,2.8570943,0.46618137,0.83084613,0.8066386,1.17268,1.8085226,3.979709,2.8530087,0.83665043,1.0484422,0.0,0.0,0.34883758,3.4128296,3.8919759,5.008598,2.33442,2.5572877,4.1277585,2.0516458,3.1752882,0.7110608,0.66168964,1.1720635,2.1571395,3.9883528,1.3282709,2.632544,5.9114313,5.1016407,1.864333,2.30196,2.7125797,0.63743156,2.5686219,1.0811428,0.089834645,2.886833,2.708199,1.320028,0.0,0.49437395,3.14443,0.3761753,3.4797242,1.095717,0.10488747,1.929879,0.37115535,3.011369,2.4313858,1.1884397,2.8939064,0.9715297,4.4053087,1.4191246,0.0,7.219355,3.5218265,0.85360503,3.9794438,6.956925,1.3084836,4.693141,5.3052797,0.0,0.0,3.9236252,3.7431376,0.0,5.0603895,4.5352883,0.6926456,0.7626644,1.1800473,2.3639054,4.140723,1.4450202,1.5913755,4.606598,0.595695,3.4999673,2.7430592,0.0,1.0108852,3.053224,0.8897988,2.7992342,2.517934,0.5907747,3.9188166,0.26180044,2.848408,0.0,2.8784401,0.0,1.060376,1.3497202,0.0,0.0,1.1524276,3.7773945,3.9916847,4.9790864,0.0,0.60078305,4.5201473,2.488888,0.0,0.97144026,0.0,5.3917375,3.0108702,4.5064044,0.0,4.898107,0.57230014,1.6001868,5.4228835,2.5227494,3.5080123,3.3183932,0.65211993,3.2610679,0.0,5.208132,3.700832,1.6213762,2.8562627,0.0,3.8348863,0.8477961,0.69448125,0.83599836,7.7678204,2.6284523,2.9655435,2.386487,0.42290568,0.0,1.87075,3.0568838,7.3678246,5.5715337,2.2710485,0.80028826,3.6360235,0.0,1.5446064,1.5323399,1.7620531,3.727653,0.0,0.0,1.8898602,0.97957194,6.3785915
A44v,3.559977,0.94866616,6.7466288,0.27282467,1.9956646,0.0,3.2897286,2.20169,3.5821476,2.092046,0.88625723,3.930473,1.4740156,7.186659,0.1379594,1.5306631,3.2845876,1.0998818,3.997081,1.9680986,0.9829474,0.0,2.98203,2.4262614,4.992191,4.104336,0.0,2.7299664,5.4287715,3.2693868,1.2066948,0.51634634,0.47549427,2.2924542,6.715461,2.7654796,1.6645563,0.15827838,3.3860664,9.059801,4.3745756,1.2590252,0.24592978,4.11291,4.2857065,4.4820633,3.9832091,0.0,1.8661817,6.243204,5.416146,2.6493435,2.381913,0.0,2.3912349,1.3922726,1.0807664,0.8208455,1.8292929,0.0,4.1929545,0.0,7.62,6.562141,0.0,1.5702317,5.365452,5.1006207,1.8500097,3.0045364,0.0,3.1016483,1.4323642,5.6520724,1.541039,1.6217525,3.988336,4.660645,0.464053,0.052664377,0.0,0.0,4.755241,4.5192866,4.147345,2.3347874,1.2720909,0.0,1.1907781,1.0541626,5.251906,0.0,0.14454699,4.865363,1.7655056,2.5736625,2.7234478,1.0201039,4.6329846,3.134986,0.0,3.0784116,1.5042322,1.8116405,1.9595755,6.9373674,7.388946,1.4060637,2.4507303,5.585864,3.389566,4.62305,8.041546,4.517302,3.1989543,1.4673703,4.9081545,5.130958,8.2432375,1.2248755,4.6330905,1.8070499,4.1781254,3.2755756,0.086263366,3.2141967,5.4314137,0.0,0.29255915,6.647687,4.644849,2.8974943,2.2409775,3.6462226,1.5211054,3.213002,4.2465444,3.3676374,0.0,2.477049,10.333233,2.2205272,0.0,0.19901438,2.0968373,0.0,4.2257047,1.5039247,0.0,0.0,3.5954275,3.2785077,3.8085678,2.0018122,0.0,0.03072634,0.1176603,2.982551,3.4183517,0.0,0.8399513,3.5527184,0.0,6.956205,1.262178,0.8258172,1.2485346,1.1799257,4.8603425,1.8242208,0.0,1.2896198,0.0,3.9792776,2.483554,2.6772506,0.0,3.6940033,2.3979754,2.3519845,2.2814512,2.2104182,6.6183915,2.8708906,1.0212446,2.3583586,7.946291,2.7057824,2.7571952,1.5418979,4.131133,0.42754728,2.4643586,0.0,0.0,0.68369305,0.0,3.3226435,3.8814538,1.7223316,2.697003,7.227334,1.085728,3.686862,0.0,1.7352498,3.4978566,2.0276363,0.597155,2.1251502,2.467459,1.455247,1.0911053,3.9094837,3.8920705,2.1548727,0.8545548,0.0,3.1950104,0.0,4.3023562,4.2116613,6.8893914,0.6100872,3.5349534,1.1702389,1.5446823,0.89932257,1.5482523,4.973055,5.8773184,3.1745265,0.72856784,7.9686785,2.313526,2.290092,1.6609142,1.3777977,0.27943072,0.49616426,0.27366927,2.8114352,5.593688,2.4367561,0.124933094,4.175159,0.0,0.0,0.9104069,0.8476963,4.9706144,7.6423435,1.9345443,0.0,2.310263,1.6558836,2.3692222,5.359019,1.6439785,4.0649767,0.6342001,2.5883358,0.23393378,2.5051794,2.3529155,2.2165658,0.0,3.5516162,0.42545557,8.968964,0.0,1.940565,4.0217037,3.5616255,4.3018622,6.3986793,1.5771791,5.2981434,1.2688304,1.0039268,2.4733942,5.259396,6.416024,0.23191254,3.9420428,1.65668,0.0,6.0895424,0.97149605,3.7801073,7.2971954,1.4566532,1.4034691,2.0173042,2.608478,4.7059197,4.4262257,0.20060015,0.0,4.843563,5.0713468,3.9726477,1.5848669,0.0,0.3772647,0.0,4.8111763,2.014231,5.42385,3.9366038,2.6268756,1.6208173,7.389482,2.6501985,8.525685,2.313732,6.08738,7.089284,3.1734107,0.40484104,2.789552,1.9729855,1.5942487,3.332217,1.6852881,1.9304482,1.6227467,4.4987984,8.145681,0.11266572,2.7957883,1.5390487,0.46861467,3.7620287,0.0,4.243262,2.1833234,2.018673,1.0041585,5.609543,1.06837,1.7061366,2.8407598,4.870702,0.9737002,1.6808211,4.471184,3.1829116,1.9774975,4.1938853,2.8891153,1.3285385,3.3634837,0.0,0.0,0.51049536,5.5785184,5.7564883,5.0500326,2.390138,2.3350787,4.3629093,4.899416,5.12562,0.0,0.5680426,2.4920197,1.6053232,3.086694,4.214691,3.2937183,5.039373,6.7788424,2.8679662,5.393386,3.1129825,0.51404756,1.0812314,2.1942623,0.72876775,2.8733034,3.8278832,2.8614564,0.44855797,3.1237836,1.9908285,0.0,5.287771,1.0232995,0.0,1.4646783,4.2341657,2.5745833,1.0803437,1.262005,3.8283398,1.6413448,2.480363,1.6137393,0.18014309,8.4653845,2.4212356,0.67935944,2.053918,7.942996,0.0,7.1796403,4.255392,0.0,0.0,5.486856,4.3734655,4.6658654,6.2358212,5.7108197,0.0,0.0,1.4286317,2.24902,5.6716614,4.063309,3.2608755,6.86441,0.79395175,3.2639062,1.4659214,0.0,2.2754183,4.9214406,0.14768617,6.162503,3.9463017,2.3866954,3.196257,0.0,3.4508648,0.0,5.327598,0.0,1.8402047,3.4503176,0.0,2.8665557,0.0,4.0893188,5.8009086,6.040532,0.0,0.0,6.8596997,4.720716,0.06852028,1.2866474,0.8287944,5.297778,5.330948,0.5590168,0.0,9.374326,2.0465434,0.45126402,3.2430766,2.6319442,2.821066,5.5258255,1.1094275,2.5055127,0.0,4.483743,1.3076987,2.380158,3.4328227,0.1796694,4.5326834,2.3520317,0.0,5.083937,7.382284,4.574032,2.8992903,2.191973,0.0,0.0,1.9456071,3.384593,8.783016,6.871534,1.6075965,2.6970768,1.3264139,0.7843679,1.421816,3.2192082,4.424876,1.850918,2.000138,1.2109176,1.7239666,0.16473478,7.1065116
A14m,1.1746095,2.280485,6.1273727,0.25081462,2.6142268,0.0,2.7141886,2.7229004,4.755082,2.5963848,0.0,2.7180474,1.2839482,5.2424827,0.0,0.0,3.056097,0.0,3.5920944,1.4743545,1.3177491,0.0,1.8758343,1.5909971,3.632951,2.6354034,0.0,0.0,3.669614,0.8546128,0.39186683,0.0,0.1975658,3.9690166,4.1592145,1.7561918,0.0,0.58867735,3.9846978,6.248497,3.205894,0.0,0.8395423,6.0376387,1.498835,2.4411721,3.7140288,0.0,0.8667282,1.8836181,4.0044203,1.1223114,0.0,0.0,1.0160319,1.6802545,3.1524365,0.0,4.3624883,0.0,2.747104,0.0,7.769582,4.0302815,0.74707234,0.5796456,5.696603,5.0421085,2.4166758,0.7910705,0.0,0.53040063,0.0,2.307061,1.086729,1.3517662,2.630678,5.273195,1.0204743,0.5036554,0.0,0.0,6.977787,1.0796224,2.0467799,1.2276826,1.3750706,0.0,0.2660027,0.49473393,2.3548594,0.0,0.0,5.2499638,2.8776076,3.4302561,1.3117806,1.7515274,4.500366,3.9103937,0.87155,2.389873,1.4360445,2.7525609,0.3861216,4.7650194,6.827525,0.0,0.0,3.9543016,0.87088346,5.493343,6.114545,4.6314073,4.1753907,3.5011148,0.39415756,2.808478,3.2863193,2.1670651,5.9990954,0.0,0.0,2.2538896,1.5399829,0.91323733,0.28474304,2.5801687,2.8720758,5.7721143,0.0,3.3092747,1.6354369,3.8071136,0.0,2.578369,3.0531354,0.12272403,1.0887753,0.57714283,4.283091,1.4727538,0.0,0.0,3.0849402,0.0,2.0336757,0.19831704,0.7612328,0.0,1.2863975,1.9818419,0.0,0.023114828,1.6192412,0.0,0.0,2.9472022,0.0,0.0,0.0,4.21256,0.0,4.6927714,0.0,0.100847594,1.4809502,4.1326795,0.4659318,0.22922976,2.1812816,3.3693788,1.0396103,1.9323552,3.3087826,0.0,1.1269212,3.4386325,2.395568,1.8889503,0.42509434,0.5092426,5.6147356,1.3861874,0.24008103,0.091064185,6.832664,0.9927018,1.4441973,2.8648844,1.1969396,0.0,1.7887074,2.1064882,3.3977094,0.5066063,0.0,6.3818464,0.0,1.9472535,3.5389268,7.5404563,0.0,4.491636,0.0,1.8241642,4.754273,1.8294952,0.47909787,1.2954446,3.0304515,1.7496073,0.8444106,1.7611022,1.3672038,5.2765083,0.67071855,0.0,2.2224517,0.0,3.8414185,0.22060774,4.7965426,0.0,2.2957568,2.270601,2.9539423,0.0,0.28409618,0.0,5.4465656,4.0813975,1.2348151,8.763258,3.2538283,2.5964873,1.1108649,1.2312791,0.0,0.0,0.0,2.9966342,6.1536293,1.2672815,0.75357246,3.4613159,0.0,0.6986466,2.2019844,0.0,3.8253853,8.454114,1.3417143,1.054579,0.13492355,0.8126441,2.1370244,5.3794556,0.5262489,1.588038,0.0,4.0506096,1.8242555,0.0,2.3649454,3.4556627,0.0,1.4099193,0.0,6.6879807,0.0,1.4427732,3.0738935,4.5063343,0.42428547,7.803359,3.3194532,4.8438315,1.8948293,1.173254,1.2641966,0.81429994,3.148208,2.0496576,3.5327137,2.259163,0.0,4.4335804,0.0,4.004014,6.352209,1.2345394,2.7345033,2.268191,3.015935,1.3914583,2.8914409,2.838358,0.0,2.7916927,4.4538093,4.7756114,1.5211241,0.0,0.3743196,1.8364164,1.1936578,1.8566188,4.9472265,2.321954,0.0,0.15516002,3.2978094,2.7802591,4.1302433,0.2757105,4.545048,4.481506,0.0,0.57826555,0.0,0.92186636,0.0,1.8159792,0.0,0.44518435,0.0,3.0911944,7.0797133,1.3127753,1.9309244,0.83738905,0.25383905,4.5034766,0.0,1.9541422,3.399417,2.7498846,1.2190397,4.0269604,1.1070714,1.3307937,0.0,3.0619261,1.5566357,2.3920054,6.0699778,3.7916281,0.0,0.0,0.0,0.7754543,0.0,0.9877233,0.79637545,0.0,3.1169147,5.586169,4.5259805,0.45576572,4.677671,3.0068734,3.6754785,4.0516825,0.0,1.9641558,0.0,0.8770892,1.1332921,6.393803,0.26838925,1.6501046,0.0,2.5433555,3.6165223,1.1468521,0.0,0.46589777,0.0,0.0,5.6336355,2.33836,1.4278549,0.5473693,4.2494693,1.8188475,1.571124,3.523656,2.7738962,0.63807863,0.0,1.495577,3.3684533,0.0,0.7112594,1.4978132,1.5937395,2.2106526,0.0,0.0,5.4773254,2.7356143,1.0628062,3.6170354,4.084212,0.17653887,5.9907036,4.2767696,0.0,1.1467593,2.7579792,2.5271463,1.9560478,5.4274273,5.113092,1.717493,0.025980916,1.0211562,0.0,4.4747186,3.2055485,4.404417,5.7667484,0.8370244,1.0991483,0.0,0.0,2.238898,5.017351,0.07962833,2.4442084,2.3624668,4.8705893,0.41917235,1.9906408,1.4848241,0.0,5.1334915,0.0,0.0,3.0332227,0.0,1.6197133,0.0,3.5664635,3.9540186,3.2785501,0.0,0.0,4.022052,3.0796247,0.0,0.12156862,1.1417743,3.8344965,6.472872,0.0,0.858959,7.1476417,3.077223,0.0,0.79802436,2.623335,0.6303885,5.116715,0.0,0.08214279,0.0,4.9567523,0.0,1.4302782,3.7885852,0.0,3.30846,1.851963,2.4680111,2.6841412,6.42521,1.08773,1.4931477,0.23430258,0.0,0.0,0.0,0.15859164,7.2154846,4.58773,2.1478746,2.4446242,0.41592932,1.7644714,1.9247688,3.051778,0.0,1.883757,0.41541952,1.5819513,1.9284145,5.268065,4.562989
A12/47o,0.9139202,1.611798,5.7268996,0.0,0.4701864,0.0,3.7740045,0.0,3.0497954,0.9841576,0.0,1.256967,0.4389878,4.867824,0.14361285,0.4010677,3.684766,0.0,3.619949,0.867704,1.1358474,0.0,0.0,0.0,3.2688468,2.1725075,0.0,1.3187265,4.343032,0.0,0.51485455,1.1355414,1.2876837,3.152915,2.0221512,1.725075,0.0,1.1600515,0.0,6.9886837,0.54846203,0.0,2.0091817,3.4604928,0.0,5.111862,3.587954,0.0,0.14275792,3.6140838,5.4233937,1.0856022,0.0,0.0,0.67361957,0.0,3.9219491,0.35401654,1.8577797,0.0,1.8029249,0.0,6.0444245,3.3982546,0.82007027,1.1135267,4.3962216,4.0043106,1.6655885,1.6294072,4.4829283,0.0,0.0,3.89781,1.6641024,2.6115139,3.2335098,4.779912,0.36163262,0.0,0.0,0.0,5.0883136,2.8567507,0.0,0.0,0.0,0.43710333,0.23578925,1.8438002,0.0,0.0,0.24770248,2.897227,0.0,4.0281706,2.7727225,2.429985,1.36649,3.3281775,0.0,1.9083854,0.0,2.003047,1.3729144,4.175277,4.979238,0.0,0.85541767,1.1386907,1.4947872,3.5888572,3.1655688,1.1641896,3.2544618,3.7235286,1.1550345,1.6146548,7.7722397,0.0,4.180398,0.0,0.0,1.683907,1.1879066,0.0,0.36332873,2.8622155,1.530587,3.0933855,0.0,2.3361597,0.0,0.64290386,0.73475,3.389795,3.5663846,1.6925185,0.0,0.0,4.270173,0.0,0.0,0.816116,0.3792536,0.0,0.064405814,2.1428957,0.0,0.0,4.2547383,3.1442564,0.0,0.0,0.26364806,0.0,0.0,1.6034498,1.876777,0.0,2.8153865,2.7772532,0.33091763,2.9241624,0.0,0.046721395,1.8644944,4.907852,3.415725,1.1024424,0.0,0.0,1.5952388,0.0,2.6930687,2.4659672,0.0,4.835779,0.0,1.9863178,3.9907064,0.9559956,4.031658,2.5528004,2.0161202,0.0,3.6649601,1.2560297,0.79423416,3.4943695,1.1844851,0.0,1.318029,0.7285431,0.0,1.3932587,0.034839228,5.2785807,3.3032022,3.0581052,1.7535384,5.8140783,0.85466254,3.6471243,0.0,0.5036807,2.8654635,0.010697005,0.0,3.61785,2.736533,2.2070053,0.09073561,2.8015306,1.3425876,4.1189156,0.12078189,0.0,0.38268945,0.0,4.1783957,3.479755,3.3924153,0.63729423,0.9162852,2.181381,3.1416247,0.0,0.0,2.322253,4.0800085,1.3054677,1.2239213,5.8700337,0.0,1.5911044,2.9051929,1.9532076,0.0,0.0,0.25381255,0.0,5.6706805,0.0,0.5099796,5.0532165,0.0,0.0,2.4859443,2.0468657,4.6084404,6.7262683,1.1402329,1.9848409,0.83608633,1.5079356,1.6097813,4.1828384,0.7199428,3.5805874,1.2524477,0.0,1.5944905,0.0,1.4801075,4.3880653,0.0,2.5094783,0.0,3.9475613,0.0,1.7884291,1.9861245,2.9266071,0.9811836,2.619657,0.0,3.291336,0.11140904,0.0,0.0,1.3478187,3.8308325,2.2073376,2.3381996,0.7062126,0.0,3.2771373,0.0,1.7038956,5.2956614,1.7978915,0.0,2.6303585,0.12891906,0.25943792,3.324071,0.0,0.22727126,2.4453516,0.27892148,1.4104459,0.0,0.6431575,0.0,1.0603359,1.8187298,2.7572863,5.840398,0.9081127,0.5431026,1.7805976,5.7063637,3.3142338,7.6039667,0.30137104,2.6101074,3.353665,0.0,0.0,0.0,2.502721,0.0,1.7837552,1.6426551,0.0,0.0,3.747784,5.333027,2.4411123,3.1590393,0.0,0.8347625,1.928689,0.0,0.30814895,0.9265355,0.34739435,1.9333527,4.32333,0.0,0.1528862,0.7169507,2.8149588,2.3823225,0.0,2.3956194,4.136171,0.0,0.6756969,1.0035778,0.0,0.0,0.0,0.3267725,0.0,2.6710634,1.7433221,4.028434,1.0966501,2.2989345,4.860012,2.579358,3.2420242,0.0,1.4138952,2.0759223,0.042848866,1.4034445,3.1454384,1.1707187,5.374764,0.90480894,1.7091413,3.1733522,1.1067237,0.0,1.9226453,0.06398308,0.0,5.1159754,2.9531167,0.0,0.0,2.2062922,0.9775541,0.1925641,1.5751766,1.5156434,0.40699905,0.5056575,0.0,3.8623917,0.64063746,0.243347,3.2422123,2.565885,5.795274,1.7338263,0.0,5.3670807,3.938713,1.2496523,3.954933,5.6126595,1.6415796,5.245405,5.7960567,0.0,1.3743918,1.5342306,2.9646053,0.0,4.4029093,4.58394,2.928217,2.1139767,1.8019161,0.7127145,3.3129714,2.061553,2.018698,4.1159706,0.54225636,3.3180537,2.754748,1.3813918,0.19848067,4.7940063,0.07785485,0.31839922,2.784668,4.1404967,3.742454,1.724179,3.2160406,0.0,2.4133158,0.0,0.0,2.821276,0.0,0.0,0.80267805,4.0579944,3.5026262,3.7183044,0.0,0.0,2.5885618,0.0,0.0,0.0,0.0,6.2676177,3.7017243,5.2317266,0.6168433,4.866239,2.752227,0.0,3.4093544,2.9424348,2.3953805,2.664774,0.04605719,0.8135476,0.0,5.1411695,2.1692278,1.6557995,3.859914,0.0,0.13980563,1.1675229,2.188808,0.15745527,8.903615,2.1145415,2.018049,1.8709865,1.803093,0.0,0.0,0.69480324,5.670998,2.6624234,2.3694243,2.5383396,2.4332654,0.42805794,1.677382,0.7516306,0.22735552,2.98069,0.20529312,0.0,2.5936897,2.0774252,4.45291
A11l,1.6864234,1.5637712,6.9416666,0.0,1.7003509,0.0,4.588636,0.38624516,4.230591,1.4878055,0.0,1.0668014,0.0,4.2704377,0.0,0.0,4.2335606,0.0,4.350325,0.8612335,1.7744446,0.0,0.0,1.1908509,2.4481695,2.1329825,0.0,0.9421683,4.2400393,0.0,0.7556236,0.0,0.35957748,3.8375633,2.4757578,0.7425126,0.0,1.2867168,0.504386,7.250458,1.37705,0.0,1.2555314,5.0745454,0.049558885,4.6084228,4.145813,0.0,0.6245147,3.3822918,6.380392,1.651061,0.0,0.0,1.0441047,0.7221216,4.0038433,0.055608865,3.2578375,0.0,1.180631,0.0,6.2987447,3.7246559,0.26058915,1.7559637,5.295722,4.1566663,1.7805425,2.2503717,2.2379594,0.0,0.0,4.236281,0.56939083,2.0101411,2.8933074,5.1596847,0.96462387,1.2490135,0.0,0.0,6.185528,2.374397,0.05278135,0.0,0.0,0.0,0.0,0.6778779,0.6374744,0.0,0.091195725,2.9657612,0.8894601,4.2717915,1.8876199,2.1574018,2.9222412,4.2984924,0.0,1.7540445,0.0034729545,0.91880906,0.8973027,4.507865,5.4717474,0.0,0.83634365,3.0133028,1.7306615,3.9614465,4.7622757,1.0855956,3.6418037,3.9023082,0.0,1.6372741,7.1217666,0.7559185,5.253202,0.0,0.0,2.0081375,1.5402415,0.0,0.007976076,3.2628999,1.9301063,3.8511145,0.0,3.7869039,0.44710255,1.0135341,0.0,3.3166053,3.3664765,1.6022229,0.007439539,0.49642414,5.231513,0.0,0.0,1.0005639,1.4711562,0.0,0.9475412,1.1048089,0.0,0.0,3.94963,2.6817038,0.0,0.0,0.65191287,0.0,0.0,2.6606882,1.0185285,0.0,1.116476,3.791791,0.0,2.9596877,0.0,0.0,1.4266487,5.0316486,2.8890288,0.6432702,0.0,0.12311252,0.4863302,0.0029853845,2.8328643,1.4972775,0.76131743,4.9404516,0.03127504,2.109912,3.0913656,0.34553564,5.3105826,1.9161357,0.7908416,0.19539486,6.1003933,1.3658205,0.2383299,3.7729676,0.0,0.0,1.1695884,1.6403604,0.41020894,0.7288307,0.0,5.943188,1.3326062,2.8446171,2.1882975,6.5639777,0.6094228,4.1458473,0.0,1.8503991,2.608464,0.41492155,0.0,1.8736621,2.7264187,1.6558486,0.0,2.9578085,0.9301722,5.3108406,0.24223065,0.0,1.1256528,0.0,4.4766192,2.5398896,3.0697672,0.0,1.6349615,3.1879802,3.486551,0.0,0.16083586,0.7070518,6.0000606,2.5684114,0.57275975,7.864013,0.69478816,2.621183,3.0669866,1.2953808,0.0,0.0,0.0,0.948141,6.128389,0.0,0.07691723,5.1978145,0.13899997,0.0,2.7688813,0.65302444,5.5276866,7.158046,0.76840615,2.2417552,0.5577722,0.0,2.2744174,5.585669,1.1531416,3.225678,0.2912171,0.9703701,1.0864433,0.0,2.8950374,4.0269794,0.0,1.7248011,0.0,5.757474,0.0,1.5356966,1.7913948,4.164976,0.28508192,4.0345945,0.8335228,3.5978248,0.5945418,0.0,0.0,0.7613352,3.1946654,1.4414164,3.1095545,1.1850344,0.0,4.220685,0.0,2.2904027,5.527355,1.7525477,0.7451047,2.3284016,1.0407131,0.102334835,2.8012075,0.8444815,0.0,2.4838777,2.021724,2.9762316,0.48059237,0.0,0.62784463,0.0,2.2231622,1.7907506,6.1431727,0.98541766,0.64133066,1.1088778,5.212983,3.3281612,6.611086,0.0,2.6997979,3.6354342,0.0,0.0,0.0,2.4110093,0.0,1.8885269,1.36746,0.0,0.0,3.5590012,5.626971,2.76108,1.8753121,0.6109439,0.0,2.9281747,0.0,0.7167674,2.1746979,1.1558595,2.1937613,5.2120295,0.0,0.23600467,1.1416858,3.2273936,2.6710289,0.0,4.359027,5.8018937,0.0,0.022085845,0.5964141,0.0,0.0,0.0,0.3081087,0.0,4.3028235,1.2667191,4.447391,0.16112527,2.6245136,3.4313753,2.9650126,4.2358837,0.0,1.0339074,0.68211097,0.0,0.0,4.3059373,0.8371692,3.9121475,0.27340823,1.5062234,3.9754481,0.096935906,0.0,2.040286,0.26677158,0.0,5.6259174,3.4448745,0.0,0.0,2.020926,1.3740661,0.37365893,0.880188,1.9597234,0.0,0.0,0.0014809158,3.8522925,0.0,0.0,2.903388,2.408005,4.326197,1.0552676,0.0,6.8389583,3.0775497,1.638841,4.188852,4.1955914,0.48397657,6.987561,5.912592,0.0,1.8663393,1.4952389,3.6952858,1.157832,4.4473147,5.223811,3.0755088,2.0362408,1.4817417,0.0,4.913796,1.9798696,2.4643276,5.5196686,2.0164237,3.2586632,1.2155815,1.3122419,1.0176641,5.9894648,0.0,0.4283257,3.0891755,5.426106,2.6012638,2.1641376,3.0260317,0.0,4.136079,0.0,0.0,1.7939855,0.0,0.06888221,0.0,4.766156,3.6429138,3.9870927,0.0,0.0,2.384869,0.82228804,0.0,0.0,0.0,5.6691175,4.7083607,2.6258926,0.623883,5.804257,4.201382,0.0,1.6882926,2.177522,1.8895341,4.943621,0.0,0.53037685,0.0,4.2712994,0.08754885,1.5228645,4.642329,0.0,0.553304,2.1119623,1.5659045,2.667869,8.336327,1.9318972,1.601263,2.3698673,1.3417983,0.0,0.0,0.0,6.6844873,4.158055,1.3180176,1.6232506,2.1310449,0.48858595,1.9572617,1.6477805,0.0,3.3279362,0.0,0.707612,2.1086867,3.2895498,3.8405063
A11m,1.1993335,2.5629804,6.9323196,0.0,2.3648474,0.0,4.3324447,0.0,4.5141196,2.540529,0.0,2.1950896,0.37397736,3.971218,0.0,0.0,4.3331065,0.0,5.053301,1.4088571,1.677751,0.0,0.0,0.24372545,3.2388546,2.6173637,0.0,0.1914577,3.9194682,0.044709817,0.0,0.0040598605,0.979318,3.9247322,3.8110476,0.19451591,0.0,1.2451782,2.1108572,7.616989,1.9930872,0.0,1.2214957,6.05273,0.0,4.3988104,5.0365095,0.0,1.2207952,3.5332115,6.9187407,1.0449835,0.0,0.0,0.8161809,2.1730356,4.5860887,0.0,4.4807534,0.0,1.9841706,0.0,7.8486323,3.7022238,0.045012083,1.8447002,4.762623,4.5000052,3.1343272,2.698078,1.0866178,0.0,0.0,4.0833764,1.1783824,3.032225,3.8793604,5.033338,1.1774251,0.47407454,0.0,0.31408063,8.275089,0.7435616,1.0671784,0.0,0.0,0.0,0.0,1.0632008,1.7892089,0.0,0.0,3.779357,1.7019117,3.9893274,2.7776124,2.9254556,4.4501734,6.140189,0.0,1.2652011,0.0,1.406218,1.1063412,5.346434,6.8577347,0.0,0.16019213,3.3709025,1.3721812,4.8678684,5.4383235,3.4107888,5.054652,4.489762,0.0,2.113951,6.0446086,1.9572705,6.087037,0.0,0.0,1.476334,1.9393182,0.0,0.0,3.97962,2.8123784,5.7519217,0.0,5.00586,1.1919465,3.4162822,0.0,3.7983973,3.6047657,1.4260192,0.11300482,0.5653346,4.67939,0.31448257,0.0,0.7630965,3.200515,0.0,1.684703,0.0,0.0,0.0,2.96981,1.3843544,0.0,0.0,1.5686023,0.0,0.0,3.2821054,0.46505255,0.0,0.0,4.8079677,0.0,4.045307,0.0,0.0,0.8171041,5.9780293,2.7908695,1.5974569,0.32790932,1.2904603,1.4067264,0.0,3.8446875,2.0826705,0.73094034,4.2534504,2.8866906,3.5057507,2.012918,0.96169066,5.6622376,1.4260923,0.0,0.7155533,7.1929817,1.1590556,0.0,3.99943,0.6369034,0.0,2.291281,2.9731538,1.4231621,2.5162075,0.0,7.360519,1.0408397,3.4708498,2.5823648,8.578591,0.4701343,4.4443526,0.0,2.4946651,5.469147,1.4425191,0.0,1.8880551,3.3377209,2.4530983,0.0,3.9276164,0.90025896,6.1754646,1.3025961,0.0,1.3144288,0.0,4.819365,2.3271348,3.9782958,0.0,2.4064524,3.878224,4.720843,0.0,0.0,0.0,7.24082,3.8553188,0.739867,9.778759,2.2268844,3.1981466,2.2749104,1.2635201,0.0,0.0,0.0,2.7525308,7.123312,0.07975324,1.0772969,6.6049943,0.010608236,0.0,2.1052818,0.0,4.798011,7.433973,1.8072134,2.681586,0.0,1.0867776,2.387071,5.783564,0.730681,2.3306334,0.42909163,2.022517,1.0650477,0.0,2.7613797,4.804184,0.0,1.6023235,0.0,6.598405,0.0,2.1056972,2.7926662,5.173128,1.1098006,5.673171,2.9017076,4.4300475,2.1974003,0.0,0.0,0.9292056,2.6434615,2.8275104,4.339805,1.6503056,0.0,4.359516,0.0,2.6645863,5.4890614,1.2384256,0.91576684,2.3528864,1.9125967,0.0,5.89268,2.8759978,0.0,3.1367595,4.520367,4.835958,0.5297775,0.0,2.0744646,0.32875884,2.7163565,2.1048617,6.6173625,0.718628,1.103127,0.67958313,3.401652,3.7340384,5.8795643,0.16983321,4.6195416,5.0056415,0.0,0.0,0.0,1.670531,0.0,3.5769372,0.0,0.55445486,0.0,4.833685,6.660916,2.7119977,1.9567549,0.91140944,0.0,3.777202,0.0,1.0762078,2.6925015,1.8897562,2.2550378,5.728628,0.38080546,1.308491,0.0,3.466919,3.2762384,0.0,6.328718,6.7454586,0.0,0.13936716,0.2084771,0.0,0.0,0.10475427,0.953338,0.0,4.565989,3.055387,4.486636,0.0,3.786941,3.981325,3.9787705,4.7917185,0.0,1.4001641,0.7939699,1.0116215,0.0,5.998043,0.84162647,4.000639,0.0,1.9774132,5.463481,0.3495985,0.0,2.032976,0.0,0.0,6.5749016,3.673672,0.6942309,0.0,4.477184,0.31692216,0.6652022,2.442131,1.3492116,0.17505328,0.0,0.784361,5.0164633,0.0,1.1016695,2.844398,3.3952289,3.281999,1.2202342,0.0,6.13609,3.2244701,1.6855844,3.2144256,4.054914,0.21337132,7.1668143,5.748925,0.0,1.3339695,1.2049071,3.8856,2.6720765,5.5555773,6.163007,3.020377,1.9487498,2.0722165,0.0,5.1513033,4.057628,2.8378205,6.57871,1.4488484,1.6210725,1.3023944,3.2542872,0.9769951,6.465337,0.0,2.6185396,3.76955,6.740615,1.4792244,2.7822022,3.4864495,0.0,4.9500155,0.0,0.0,2.9807525,0.0,0.24545436,0.0,5.5394177,3.7194908,3.5747814,0.0,0.0,3.7253692,1.6950457,0.0,0.0,0.0,5.999451,5.9378033,2.0178316,1.1282561,6.8618884,5.2192216,0.0,1.1548023,3.1350486,0.9140486,5.1285887,0.0,0.0,0.0,4.3534985,0.0,3.087507,5.65778,0.0,0.0,2.7462652,2.4080954,4.1711116,8.808156,1.1921114,1.219175,2.6292877,1.1704764,0.0,0.07980622,0.0,6.767538,3.3102984,1.137532,3.2861447,0.93555176,1.7813739,1.8989826,2.514608,0.70251477,2.3844194,1.7279426,1.646952,2.4063566,4.1221676,3.8668401
A13,5.3057833,5.422368,7.123853,0.47460938,5.558529,0.0,1.6299382,6.951896,7.239289,9.70617,2.3888717,4.2972126,1.5236412,0.0,0.0,0.8078786,2.5416362,0.02189169,3.5744345,0.02323114,2.713125,2.4564607,4.0150924,3.3566594,2.8912551,3.1531737,0.0,0.0,4.5246944,2.5169518,2.2480667,0.0,0.0,6.5755653,6.6030765,0.0,0.0,0.04144648,10.692379,5.34422,5.4850597,0.0,0.0,5.799722,3.0493662,2.8083842,7.648596,0.0,4.458463,0.0,4.835916,3.55022,3.6104643,0.0,2.2044902,7.108327,1.206474,0.0,9.30059,0.0,0.0,0.0,10.210408,3.8907852,0.0,1.5427835,7.074609,6.7051587,2.072693,2.5013943,0.0,0.018230353,0.0,6.463098,1.3519348,0.79290384,1.1275886,4.6820474,8.129512,0.0,0.0,1.8383585,11.652043,0.0,2.9104478,4.443879,0.054862827,0.0,1.7931913,0.0,5.4401813,0.0,0.07425033,6.6106396,7.561876,8.260465,0.0,2.812072,11.348654,6.2399135,4.0503983,4.4692054,0.0,0.0,4.1249633,7.561302,7.7459846,5.94593,0.2346816,6.262078,1.6867571,4.9087734,11.370285,8.255949,3.1236162,4.1790924,1.1020606,7.95258,3.1164074,8.387821,7.5507226,0.0,1.8247163,0.0,4.1368084,5.275423,1.9944212,3.8759801,3.3310976,8.05955,0.65703756,7.2959523,2.016585,4.762365,0.0,1.3216527,7.661859,1.9714575,1.7655237,2.1377022,4.968521,5.3524423,0.0,1.2520496,9.375265,0.0,2.9919434,0.0,4.5303044,0.0,0.0,1.956538,0.0,0.0,3.0286732,0.0,0.0,7.057252,0.0,0.0,2.5587237,8.184359,0.0,2.9058404,0.77348524,1.0180568,1.4362795,2.5684056,0.6034893,3.2727814,1.5359784,6.863897,0.0,4.235577,1.8463356,0.0,5.589871,5.540524,5.3510704,0.8821064,0.0,0.17523329,4.992747,0.30256954,0.0,0.0,11.73375,2.9653513,1.5249894,4.0092397,1.8032964,0.0,3.5240955,5.5220556,3.285217,2.9520557,0.0,6.7658825,0.0,1.230374,5.2964015,7.430019,2.4264925,1.8419687,0.0,3.5593882,6.6603436,7.7513256,1.6493055,0.0,4.0131683,3.3524528,0.56049,2.0851364,0.0,6.5973577,0.0,0.0,6.546769,0.0,5.8598747,0.0,5.708729,0.81745493,2.8958108,4.9223895,2.1954362,2.031441,0.82261914,0.0,6.4768915,6.0095735,0.117512554,14.451986,7.6624703,2.1754897,0.9401451,0.0,0.38324514,1.4791651,0.0,9.003509,5.413245,4.3333898,1.2769965,4.5448923,1.6325618,1.5458237,0.9773893,0.0,5.895999,9.110067,4.1429086,0.117824666,0.84973425,0.30024642,5.555791,4.215394,1.848305,0.43282676,0.0,8.362202,0.0,3.1209695,2.916985,3.6108832,0.0,4.5424957,0.0,13.154552,2.5988245,4.396207,1.2368374,8.193917,0.16903116,10.500812,4.238346,10.465497,3.992661,3.988432,1.2435714,2.7142584,4.8915906,1.4465882,7.369144,7.0920024,0.0,5.898563,0.0,3.4796433,8.05309,0.77342737,6.3254714,1.1699772,5.4154897,3.3722608,6.8027983,3.3928816,0.0,2.8697362,9.091341,6.1906176,5.1227584,0.0,1.856902,0.89016145,3.2347918,2.701929,7.9659953,0.1556204,0.0,0.6048235,5.0620584,0.0,3.717124,0.0,9.185316,6.5649233,4.6534715,3.8149452,1.2068555,0.0,2.9113498,2.78856,0.9621703,5.619155,0.0,1.408527,6.8480053,0.0,0.0,0.07725309,0.0,4.965693,0.0,4.070124,4.9396462,4.222346,2.0967646,3.6906662,2.7146041,5.1417856,1.4072014,3.4743814,0.88705164,5.4217377,12.882936,5.4387584,4.3510184,0.8077069,0.02386982,4.485721,1.5406821,0.8814017,4.7273655,1.3252243,10.324107,5.9275217,1.3392,1.1716158,5.9911103,3.7370143,4.046512,10.105441,0.0,2.007167,0.0,0.18861456,1.4423832,10.337213,3.4014692,0.0,1.6488405,0.8545608,6.222848,0.9513907,0.0,3.0223694,2.7931025,0.0,7.7106915,2.7153244,6.6139464,0.036839414,4.5272803,1.4063668,2.4448488,4.636596,5.8282547,1.3008293,0.0,4.5695972,6.9063888,0.46969634,0.11113031,2.0923572,0.0,0.0,0.2583255,0.0,9.456143,1.350223,3.046106,7.2071247,1.8611559,0.0,5.001235,6.4328704,0.0,4.4485173,2.9951756,4.5091276,0.0594842,8.129956,5.5048914,0.0,0.20730883,1.9445987,0.0,8.55648,5.7371554,6.513522,7.265919,0.72122747,2.7640944,0.0,0.0,3.4912932,9.42104,2.9308853,7.602282,1.7303017,6.179072,3.0364401,0.17534494,1.0718149,0.0,7.6635695,0.0,0.0,1.4426471,0.0,5.462496,0.43191463,5.753611,1.7201468,2.5416048,0.0,0.74646086,4.326363,8.790397,0.8849714,3.9056785,6.0296435,2.706851,11.362277,0.0,0.0,5.951544,3.2246149,2.347374,2.2766924,4.0326357,0.0,9.347835,1.1273241,0.0,0.0,2.9674685,0.0,4.3858724,5.5414767,2.52145,3.7914822,3.2195497,1.6614598,6.846213,1.9256859,2.6165824,0.0,2.565129,0.29304278,0.0,4.5863314,0.0,9.087559,4.944105,2.4821258,2.2858567,0.0,1.6864957,0.61481756,3.231443,0.0,1.4648579,0.0,4.886071,0.0,6.204935,2.8639715
A12/47l,2.755706,0.49704683,6.7515373,0.0,1.2149596,0.0,4.4844666,0.0,3.786275,0.9522376,0.4109571,1.0133647,0.0,5.1146913,0.0,0.0,4.097751,0.0,4.5335207,1.0147392,1.6325284,0.0,0.17014097,0.7713041,4.2914696,2.9756212,0.0,2.772434,4.9525776,0.09929098,0.62145215,1.4457246,1.0024247,3.0862238,3.9236524,1.5163348,0.7928544,0.6135995,0.21957722,9.430681,2.098732,0.0,1.3944865,3.9130747,1.3204577,5.405511,4.050596,0.0,1.0497553,5.4300613,6.2610855,2.4044986,0.0,0.0,0.7678866,0.0,2.0519004,0.7719687,1.4936135,0.0,2.5650501,0.0,6.63009,4.9076037,0.0,1.9427364,5.2151184,3.8284066,1.245253,2.335841,2.5649974,1.4676259,0.0,5.95284,1.6816583,2.0822742,3.2252004,5.138246,0.7142232,0.19298732,0.0,0.0,5.4718885,4.6582484,0.7128188,0.0,0.0,0.0,0.15331021,1.5578274,1.6010478,0.0,0.5077139,3.144724,0.02684901,3.3616624,2.9034758,2.5765948,3.1284037,3.5968165,0.0,3.208545,0.04823938,0.8621584,1.591444,5.174073,6.471829,0.0,1.8190609,3.1362696,2.7203145,4.0155473,4.7194047,1.1064497,2.590455,2.4479384,2.6721294,2.0348866,9.264044,0.0,4.279367,0.0,2.016631,1.5656284,0.70816314,0.4626181,2.1948912,1.1798433,0.0,4.6880817,1.7021606,2.1057782,0.12524562,0.66814786,1.5412534,3.8813405,3.71558,3.138178,0.0,1.2838379,7.6776567,0.078623235,0.0,0.8378103,0.96189564,0.0,2.2430494,2.0830138,0.0,0.0,5.3305807,4.310953,0.82069194,0.0,0.0,0.0,0.0,2.2570498,3.1414373,0.0,2.416619,3.0214884,0.0,4.3997707,0.0,0.06258916,1.7125127,3.199867,4.431115,1.9252498,0.0,0.22032727,0.0,0.63102496,2.1760247,2.5454857,0.0,4.560167,0.0,1.6090788,4.193297,2.0434318,5.5507255,3.1033027,1.8906057,0.633463,5.564488,2.682176,1.2495006,3.2546117,1.6498312,0.0,1.1999207,0.27051133,0.0,0.90826946,0.0,4.843705,3.9432194,2.9802334,1.6979269,6.55192,1.3880169,4.3870006,0.0,1.5027297,2.1677954,0.4733383,0.0,3.5650394,2.9787621,1.7831938,0.7219975,3.204332,1.6952379,3.9363496,0.4741274,0.0,0.7366906,0.0,4.341883,3.9523923,4.7366366,0.99088013,2.0064979,1.3000283,2.847153,0.0,0.22686309,3.2868688,4.599927,1.4059478,0.99911785,6.7364154,0.0,2.4382026,3.049707,1.7248868,0.0,0.0,0.0,0.46061748,5.5558543,0.0,0.15798035,4.899814,0.0,0.0,1.8269083,1.7452748,5.620866,7.238526,1.1219385,1.5175514,1.8904463,0.72951573,2.2979763,5.8040185,1.9192343,4.199036,0.7601695,0.0,1.0912609,0.26853573,1.5820055,3.7563698,0.0,3.0798106,0.0,5.166536,0.0,1.1229519,2.5439332,4.1107826,1.431409,3.4076147,0.0,4.1853113,0.79351854,0.0,0.0,2.8683746,5.227763,1.1181213,2.2169847,0.68743736,0.0,4.893417,0.0,1.6093884,6.453167,2.0713682,0.22710365,2.1268888,0.67497075,1.6807306,3.6226025,0.0,0.0,2.6113205,1.9560786,2.0206108,0.63057065,0.0,0.35276726,0.0,3.1192858,2.9882178,6.549225,1.42652,1.0553849,2.254008,7.1087527,3.4380827,9.300666,0.9060502,2.9570894,4.5159044,1.1090469,0.0,0.0,3.0477319,0.8727321,1.9595889,1.8760805,0.0,0.15780467,4.250552,6.0284686,2.378187,3.0651486,1.450516,0.21379578,2.5137956,0.0,2.0670605,1.52605,0.035659324,1.5174689,5.896187,0.0,0.40956205,2.4827826,4.123626,2.2600856,0.0,2.507424,4.5889416,1.2470167,2.5262046,2.15393,0.3355597,0.9816779,0.0,0.0,0.0,4.7980103,2.3602023,4.671737,1.8380717,2.3209586,5.6556,3.3677723,3.553156,0.0,0.09586127,2.3820717,0.6204065,2.2189932,2.5364769,2.8615575,5.3638554,3.281814,1.9199094,4.3154397,2.1137555,0.0,1.7146323,1.7967129,0.0,3.6998518,3.741834,0.7341426,0.0,1.6692537,1.8211348,0.0,2.8342505,1.198294,0.0,0.41306022,0.9481202,3.8045359,0.8939462,0.0,3.5931098,2.1142015,4.940901,1.6567272,0.0,7.910205,3.1700122,1.2042199,3.6085968,6.5997095,0.26465592,6.687026,5.460168,0.0,0.8119062,3.1474192,4.6431484,0.5629981,4.6961637,5.351339,1.5736991,1.293778,1.2613028,1.342161,5.2717566,1.644779,1.9314396,5.5407195,1.0654576,4.2784004,2.8563142,0.94703925,0.18326229,5.656805,0.0,2.9259644,3.0895603,3.5119417,3.8920193,0.8482156,3.749211,0.0,3.67306,0.0,0.0,2.1193125,0.0,0.0,0.0,4.6345468,4.311553,4.9514637,0.0,0.0,3.8332224,1.8502994,0.0,0.0,0.0,6.285628,4.39763,4.1936216,0.0,6.9141493,2.8937953,0.0,4.0515857,2.751626,2.7660844,4.584729,0.45681575,2.5803676,0.0,4.6875076,2.9583428,2.368106,3.8153825,0.0,1.1689023,2.4068933,0.5843126,2.6426682,8.772688,3.7197933,2.9270544,3.2860324,1.2640721,0.0,0.93436354,2.28104,7.323432,5.071897,1.2893095,2.19567,3.0898209,0.01010379,1.2535691,1.4066628,1.6411268,3.2716465,0.5113605,0.0,2.5496101,1.1016285,5.5685267
A32p,5.1753917,2.8766801,4.443479,0.0,5.931739,0.0,1.9699823,7.391524,5.5744314,5.0353346,0.5315207,6.5436583,3.5083528,6.475765,0.0,1.5600289,0.0,0.0,3.4516804,3.8666024,3.1378732,3.689352,5.896617,6.2283373,5.5282874,2.676699,0.0,0.0,1.7093382,4.2900867,0.0,0.45570797,0.0,2.9487336,6.818588,1.1084516,0.4596769,0.0,10.6528425,5.8344774,5.891776,3.2313163,0.0,2.2284756,8.95908,1.1766745,4.216244,0.0,1.6081285,3.4590414,1.3313985,2.8890314,3.155102,0.0,1.3566606,3.390229,1.2161905,0.0,4.267413,0.0,5.897455,0.0,9.681227,6.3706484,0.0,2.2946503,6.558917,6.9355626,0.2754956,0.0,0.0,4.7130394,1.8279198,2.7244167,0.0,0.0,1.9783864,5.230528,2.6188924,0.0,0.0,0.0,4.9679337,2.0113196,6.938137,6.5289807,5.046259,0.0,4.42773,0.0,5.4616666,0.0,0.0,8.944917,5.8351426,0.9706193,0.0,0.0,9.848124,1.5119942,2.738188,2.61525,4.7145586,4.9473367,1.8586011,4.706479,7.9919076,6.746335,0.0,7.277585,1.4139118,5.7366896,10.747948,8.0054035,0.0,1.0114388,5.3578215,5.1203837,2.489687,3.601313,6.393135,3.5847983,6.000207,3.8809497,0.49780595,7.078418,5.646406,0.0,2.409794,6.935251,7.8644,2.3251712,6.6369586,7.45251,0.0,0.7693248,3.1626163,0.0,3.8508193,4.298742,7.6940317,4.872604,1.6956228,0.0,5.416702,0.0,4.354181,1.950245,3.6195893,0.69055206,0.0,4.186914,0.0,4.18024,2.6523879,0.0,1.304196,4.112511,1.8393698,0.23610887,0.0,4.111233,0.0,6.472604,6.03044,1.2244143,1.1792798,0.0,0.0,0.0,2.325463,7.646979,0.0,8.632493,2.4980679,0.0,1.1121185,0.0,5.932112,0.0,0.0,2.3754084,6.8677735,1.429607,0.41240653,2.0896013,9.80675,1.2344123,3.0838492,1.8579171,3.9640272,0.0,3.822436,0.0,4.808903,0.0,0.0,3.045377,0.28153753,0.0,4.2464666,7.1864176,0.0,3.950442,0.0,2.7030904,5.898916,6.3326907,4.047994,0.0,0.0,0.0,1.1201949,0.43108603,0.0,4.7268515,0.0,0.0,4.453193,0.0,2.7378075,0.0,8.11972,0.0,2.7305498,0.0,0.49328282,1.4414783,3.1663184,1.5588212,4.062838,3.5174768,0.0,7.688415,6.371638,0.28606194,0.0,2.8804622,3.2899683,0.0,0.0,6.6198735,3.7121258,6.2274127,0.0,0.31796846,0.88150334,1.6762432,1.5752093,0.0,2.3575218,9.101477,3.2555187,0.0,2.6494775,1.5273741,4.122951,5.011979,0.31468594,0.80637234,0.0,8.6410885,0.17242143,3.3376276,3.8543086,0.0,0.0,0.9121369,0.0,10.097067,2.1963916,0.0,4.637376,5.991602,1.7111036,10.671716,6.0537834,6.2709193,1.6767689,5.2224107,6.9801455,6.2063723,7.3356323,0.0,2.4746897,4.215995,0.0,8.656504,0.009047265,5.516462,9.055882,0.72215515,6.2077813,0.0,3.539484,5.150075,3.5815995,2.8488142,0.0,3.098865,8.553325,5.80835,3.8895931,0.0,2.6274617,1.4083655,2.506668,1.3583245,4.5338955,6.3042507,0.052586257,0.0,5.294909,2.524048,1.6932831,3.9381437,7.377306,7.5507464,5.711028,3.1051555,5.9940324,0.7366578,0.49859506,0.22823128,0.8123654,1.5680107,0.47852066,1.924966,10.248083,0.0,0.9874415,2.7970345,1.8403599,4.297242,0.0,7.439513,4.8009534,6.308432,0.5180395,3.4514482,2.3104477,3.2124028,2.1773403,5.5493846,0.01768222,7.4166713,6.227383,2.059911,2.2938833,2.9022648,2.633313,4.613659,4.0434175,0.0,0.0,2.997369,5.4951353,8.259312,4.37547,1.0664151,6.2395263,2.8706424,4.738217,4.919845,1.3424304,2.3658345,0.0,3.3096654,3.01482,8.763711,1.666306,0.0,5.1673517,2.7923462,1.7824761,3.8418732,2.2613235,0.0,2.5935144,0.0037557948,2.4544873,2.6406293,5.4388843,1.0974147,5.7625837,2.4193442,3.4807925,5.68146,3.2408102,1.9690896,0.65786517,6.6334567,1.0117972,1.4874907,2.647287,0.87665224,0.0,0.0,0.0,0.0,6.9714313,2.2456963,1.3467834,2.9660885,4.749972,0.0,4.3454566,0.9632679,0.0,0.0,7.486734,0.0,4.425292,5.3780594,4.0056767,0.0,0.0,2.3599408,0.2032547,4.995652,3.009785,7.622784,5.8519526,3.182315,0.0,0.0,0.0,5.3993263,3.560299,0.0,10.478137,1.7594045,3.3832774,0.0,0.6038426,0.0,0.0,6.875087,0.25298887,4.140097,3.3607252,0.0,3.376266,0.61940014,0.21570152,3.7539628,4.4384184,0.0,0.0,7.0808973,7.7899175,3.8115585,3.3135295,4.975574,0.0,7.981243,0.0,0.40589738,9.322632,1.9344381,0.0,0.869134,3.9745977,0.87180424,6.759567,0.0,3.025044,0.0,3.0753694,0.0,1.8913348,0.0,1.3646154,9.957251,1.0881195,1.2362238,6.595233,0.49015227,2.1750207,1.1702502,0.0,0.0,0.0,2.1154342,1.7852029,10.618934,7.749025,1.1305846,0.0,0.0,2.5575051,0.084146865,5.052823,5.232144,2.0174096,0.0,3.8936415,0.0,3.9534016,7.2033815
A32sg,5.106272,4.757724,7.7139287,0.20259754,6.2862353,0.0,2.892117,8.057567,7.4169493,7.934315,0.67122394,5.941985,2.9157794,3.4548054,0.0,1.9666464,1.6846195,0.0,5.0603094,2.5041246,3.8345659,3.799796,6.5149617,5.4410396,4.9888325,3.885627,0.0,0.0,4.132048,3.2012742,0.34461924,0.0,0.0,6.076789,6.827768,1.2014861,0.0,0.0,12.621906,6.1317043,6.781203,0.055817615,0.0,5.6496463,5.1146617,3.1908627,6.7278023,0.0,3.2228065,0.0,2.9293644,3.1853223,3.4644206,0.0,0.89589965,5.9486256,1.3009613,0.0,8.22776,0.0,3.5254529,0.0,11.75386,5.5931296,1.2347037,1.1076366,7.6853952,8.343195,1.574448,1.5880557,0.0,1.6972578,0.0,4.2200365,0.8308269,0.0,1.2117832,6.975534,5.257313,0.0,0.0,0.0,10.585261,0.0,5.9717197,6.23627,4.0386834,0.0,3.7441876,0.0,6.4924197,0.0,0.0,8.9942465,7.555037,5.025001,0.0,1.6440105,12.652738,5.0683203,4.635296,3.9482787,1.5546249,2.6984377,2.4756627,6.5008903,9.082525,6.8346195,0.0,7.6676474,1.5350033,7.1542497,13.388618,10.910853,2.8097591,3.0026274,2.365164,7.63006,2.2646763,6.637589,8.294503,0.0,4.3832273,1.978821,1.9836984,5.9082355,3.0324807,2.595016,3.5071006,9.034887,3.8994682,5.5129604,5.868767,6.853921,0.0,2.2651625,5.651656,0.89939386,4.1327734,3.0155318,5.9209833,6.569622,0.0,0.0,8.79414,0.0,4.917828,0.0,3.6148226,0.0,0.0,2.8709297,0.0,2.473541,4.3019104,0.0,0.0,6.116591,0.0,0.0,0.23562321,7.891685,0.0,5.0354233,2.859398,0.13187861,1.8066424,2.1901205,0.21854737,0.53813607,2.9272275,8.470452,0.0,7.8240075,2.3375669,0.0,3.9482536,3.1118414,7.224899,0.29272574,0.0,0.82281613,6.144751,0.0,0.0,0.10429379,12.252991,0.7211562,3.263913,2.988392,3.0461776,0.32973826,3.8150342,4.470476,5.4050083,0.57426214,0.0,6.4666414,0.0,0.9698438,5.124139,9.428733,2.0146348,4.8574343,0.0,4.36281,8.325761,8.169649,3.3981218,0.0,1.9314446,1.5789202,0.78077096,0.6384967,0.0,7.278616,0.0,0.0,6.233141,0.0,5.1339374,0.0,7.6246796,0.0,3.1507418,2.7389884,1.3371017,2.1139975,2.265985,0.0,6.344504,6.3040977,1.3579029,13.597855,8.573981,1.7631854,0.8669651,1.3192608,0.8070275,0.13348666,0.085711025,8.629911,5.709462,6.2856493,0.0,2.6443276,1.3389918,2.1316135,2.8849103,0.0,4.532049,10.462198,3.4735332,0.0,2.677835,0.92678493,5.8769054,5.5525856,1.0999249,0.59949046,0.0,10.08375,0.0,2.950148,4.4654427,1.0355618,0.0,1.9014109,0.0,13.230375,2.3400118,2.5775294,3.9551594,7.9904428,0.7281752,12.335146,7.013318,9.787517,4.7921243,7.0533996,4.63071,4.6472993,6.051753,0.78057677,5.501752,7.34937,0.0,8.381997,0.0,5.9861407,9.4829855,1.0487326,8.014759,1.2607582,5.764504,5.199825,5.2108874,4.055029,0.0,2.0900998,10.382597,8.081857,5.2326503,0.0,1.7554598,1.9091024,3.281372,2.7618737,7.0464573,4.2450285,0.0,0.0,4.7614994,0.8625336,2.6477275,1.8504685,9.671297,8.323144,4.991932,4.12486,3.6149178,0.0,1.1181585,3.1724918,0.0,4.645304,0.0,1.3572551,10.23661,0.0,0.5347795,1.8384396,0.0,4.9286885,0.0,6.526753,5.2591767,6.512111,0.69167084,3.4189725,2.8462157,5.084154,0.48452303,5.274783,0.24279034,7.7876925,11.62087,3.6573136,3.6106725,1.8690193,1.444858,4.9978104,1.584236,0.0,2.87481,2.0740721,8.463348,8.556177,3.3880572,1.1366663,7.860638,4.0475,5.3597355,8.853483,0.16492437,2.8726306,0.0,2.1290264,1.4453676,11.454244,1.732314,0.0,2.7025056,2.4342954,4.761973,2.2886152,0.0,1.1501763,1.8709184,0.0,6.8296633,2.6009743,7.126226,0.9022325,5.625306,2.231014,2.4864273,5.7681108,5.4587965,1.7358774,0.0,6.3297205,4.4389386,0.0,1.3058205,0.9979961,0.0,0.0,0.0,0.0,9.338686,2.030283,2.5195107,5.289827,4.0746255,0.0,4.7001925,3.706763,0.0,1.7453732,6.929795,1.6336778,2.1637537,8.204332,6.021154,0.069081716,0.0,3.3016453,0.0,8.041312,5.014268,8.864408,7.2347717,1.9019585,1.3067185,0.0,0.0,5.5402346,8.112805,1.3078732,10.632142,0.90768236,5.768716,1.3060396,0.5719439,0.0,0.0,7.3343716,0.0,0.46080163,2.6218803,0.0,6.224441,0.20398913,3.1063051,2.359867,3.532633,0.0,0.0,6.766162,9.2525015,2.1014373,4.353452,6.0138693,2.10674,12.0446205,0.0,0.0,10.191054,2.603732,0.17754531,1.5269701,4.0369854,0.0,9.431712,0.07534972,0.0,0.0,3.8345487,0.0,4.0180373,3.5219417,2.7120612,7.8070555,3.2554755,2.4819016,6.651383,2.1060214,2.9332578,0.45976517,0.0,0.0,0.0,2.9773462,0.63826185,11.832163,6.7695665,2.0788991,3.0099015,0.0,1.6683645,0.86145353,4.5817337,1.7165776,2.0877044,0.46631902,4.6564713,0.0,6.3467646,6.1801662
A24cd,4.7980227,2.6034536,4.004311,1.8955747,5.130867,0.69581133,1.4104885,7.2946305,5.5091667,4.8710117,1.5638202,5.4589343,3.726552,6.0291247,0.0,1.8458561,0.0,0.0,0.0,3.852273,2.1634474,5.077909,7.2803936,6.9073544,7.064004,2.4435728,0.69981885,0.0,2.322209,4.6885023,0.0,0.5665814,0.0,3.5511754,6.0964856,2.2726839,1.2856174,0.0,10.054071,5.7958946,5.1806145,4.0921817,0.0,0.8246385,11.890614,0.30868104,3.9521852,0.0,0.25441617,4.08434,0.7871885,2.6093097,5.370024,0.107490286,0.9944183,2.5769267,0.9558329,0.6461116,1.5739068,1.0943698,7.15859,0.0,8.7098675,6.5848737,0.0,3.1118138,5.5787463,5.5209966,0.7742776,0.0,0.0,6.1092973,3.4711857,1.227179,1.6057429,0.0,2.7191153,4.3380876,3.4877505,0.5079675,0.0,0.0,0.5952849,4.7394776,7.664123,6.937975,4.6574783,0.0,5.930832,0.0,4.6625543,0.0,0.0,8.400456,6.4876657,0.8142998,0.0,0.0,9.07573,0.0,1.1090752,3.7967224,6.7423534,4.4916863,2.28734,4.241008,6.2998915,8.040775,0.0,5.5067277,2.9280381,5.4722834,10.007811,5.4311976,0.0,0.93509364,6.3092585,6.4392295,2.8387792,4.5230265,4.4072585,6.7875504,7.9780183,3.6899602,0.14692391,8.318622,8.0819235,0.0,1.100981,6.672365,8.458303,1.3484771,5.80991,5.212252,0.0,0.24051872,3.5341396,0.0,2.9135032,3.2432969,7.6147747,4.195827,2.5206482,0.0,4.6690784,0.0,3.4725795,3.5024428,3.477481,3.2459931,0.0,5.846139,0.9403448,4.245878,2.357947,0.0,1.2381786,4.2523646,1.8828295,3.1571321,0.0,2.59506,0.0,5.211973,5.1011267,3.2289367,1.8707998,0.0,0.0,0.013688635,3.2411642,6.9256363,0.0,10.062837,2.6965017,0.0,0.0,0.0,3.5755625,0.0,0.0,1.4579469,5.2275662,2.7375076,1.5369649,1.8520598,7.1544127,2.8693385,4.565331,2.9260838,4.8103943,0.15229154,4.8764176,0.0,4.3431754,0.0,0.0,0.0,0.99422944,0.0,4.227824,5.110345,0.004475143,2.3040872,0.0,0.83579797,4.8895035,5.41332,4.125766,0.0,0.0,0.0,0.0,0.0,0.0,2.6939971,0.0,0.0,4.762422,1.459468,1.6291249,0.0,9.302797,1.0421274,1.3982008,0.0,0.0,3.3511937,3.41606,2.7961264,2.3747265,2.165294,0.78384936,5.8217225,5.657459,0.0,0.0,2.7544396,2.5566378,0.0,1.0277948,5.6813035,4.0006995,8.135627,0.0,0.0,0.14971216,2.6855934,1.8250849,0.24006794,0.6097926,9.031092,4.0066466,0.0,3.1855288,0.68822557,3.9837778,3.3981924,1.9708716,0.0,0.0,9.305046,1.4316264,5.048426,3.116939,0.0,0.0,0.530474,2.9485781,10.037072,3.5274503,0.0,3.8274698,4.219598,2.169761,10.509662,4.5990534,5.9811053,0.6161214,5.7586846,8.189167,6.0789146,8.625256,0.0,1.8601941,3.0452795,0.0,9.591569,2.4998586,6.0269556,9.995452,1.0284947,6.2977214,1.1105415,2.4837565,6.555678,2.4394858,0.88954484,0.74740034,4.1024942,7.361892,3.8832998,3.1368737,0.0,1.3116972,0.8751618,2.5870473,0.96083415,2.1040041,5.8955383,0.38315183,0.0,6.4151597,0.6249416,0.5678289,4.5135255,7.6535015,7.8412704,7.905411,5.2742424,6.021636,1.4011893,2.4216466,0.0,0.6327245,1.7992747,0.17522967,0.50480753,10.867101,0.0,1.4146094,2.4866607,1.4005983,2.6977112,0.0,7.2387867,5.6796613,5.719972,1.7830279,2.0000157,0.0,3.5221581,2.7242343,4.273894,0.0,7.0275245,4.5158725,0.37633243,2.06154,3.2919116,2.8867764,4.0373416,4.859913,0.0,0.0,5.5795484,3.8267574,9.824278,2.4998238,0.99355227,4.425343,3.8038445,2.2531786,2.3616395,0.4045184,2.4113564,0.0,2.1428323,6.645171,6.5988164,2.2192273,0.0,8.493315,3.005841,1.6578674,3.9637306,3.6118627,0.0,2.6350186,0.0,0.35613483,1.1369859,6.0239825,1.5021049,4.009858,3.5814064,3.9468124,6.468155,4.739711,2.6173904,1.875667,7.1617384,0.37618545,2.6322818,2.2101355,1.178339,0.0,0.0,0.0,0.0,5.2711225,2.1570892,1.0704521,4.7293224,4.0259104,0.0,2.6890962,0.6782085,0.0,0.0,7.1008406,0.0,2.990071,4.7653136,3.4840431,0.0,0.0,1.5196296,3.8306947,3.3563817,1.1364863,7.5765734,5.201699,1.2485461,0.04443975,0.0,0.0,6.6332583,1.3329622,0.0,9.813766,0.83046746,0.33420098,0.0,0.0,0.0,0.0,6.7699795,2.3599992,5.2737465,2.4279637,0.0,3.7809157,1.1596649,0.0,4.319358,5.9428477,0.0,0.0,6.087365,7.0266914,5.233365,5.7670355,5.7461114,0.0,6.872381,0.0,0.82406956,7.0002174,0.0,2.4447727,1.2260982,2.5897098,1.074856,4.985775,0.92697144,4.593353,0.0,4.057027,1.6843439,2.4982715,0.0,3.276817,11.460455,0.0,1.7486597,5.276562,0.0,2.337381,2.5396938,0.0,0.0,0.0,3.3542888,3.1143088,9.296895,7.0691276,2.2524526,0.5904455,0.43753457,2.9696898,0.0,6.0305767,4.1107564,2.2402184,0.0,3.497428,0.0,2.9806569,6.9423943
A24rv,5.130017,3.9123924,3.272709,2.6008513,6.513127,1.8474668,0.5336422,7.9780354,7.1674547,6.592071,0.53093576,7.7767243,6.4014306,5.0659747,0.0,3.5850093,0.24565959,1.2143878,0.0,3.6573648,3.317816,6.7320714,9.027729,6.6500196,6.641625,3.1149654,1.0352057,0.0,2.6929862,6.101304,0.63292104,1.2158663,0.0,4.811926,6.836639,2.7195222,0.6145122,0.0,11.77688,5.572078,4.621824,3.2793038,0.0,2.5847785,8.30354,0.83784235,6.4174485,0.0,0.624579,1.2511394,2.8520486,0.9357028,6.6513653,1.2364895,1.9024183,4.2266293,1.6233071,0.0,5.6746755,1.0009642,7.9335413,0.0,10.355189,6.599608,0.0,2.5315466,6.651539,7.7640657,0.36090046,0.30829126,0.0,5.198733,1.5803597,2.8875315,2.280269,0.7644983,1.983422,5.1371083,6.9887967,0.0,0.0,0.0,5.1528163,1.7300291,5.6709194,6.772783,5.517008,0.0,5.951015,1.0660526,7.759042,0.0,0.19911468,8.386967,7.591958,3.493284,0.0,0.6747252,13.127594,3.0445077,0.7333501,4.3206496,6.3764443,4.4668455,3.3892655,5.11887,7.354849,9.334651,0.0,4.943344,1.5701559,7.430528,11.063592,8.596866,0.0,3.098483,5.9094596,7.1278834,1.8247108,6.236403,5.7931376,5.5282154,6.5444684,2.8657045,2.385022,9.297356,6.515027,1.8425778,4.01153,6.47954,7.6965084,0.52574366,6.577074,4.881335,0.0,3.9700792,5.674521,0.9445311,2.3307786,3.2252388,4.330655,5.8355346,2.356118,0.0,7.9670224,0.0,4.533191,1.0851876,5.990619,2.9240553,0.0,3.286199,0.0,4.9681034,3.6960561,0.0,2.2480738,5.2632937,1.7515604,3.6520143,0.56089646,5.2428517,0.13781497,3.7288368,4.8144817,4.0390463,3.6308043,2.0433817,0.0,0.97993624,5.346774,7.66515,0.0,10.395858,3.2523727,0.0,1.1675797,1.2761015,8.13667,0.898511,0.0,2.187227,5.077166,1.1686403,0.08707484,1.4711057,10.203348,3.331994,4.238444,3.3189595,4.6052666,0.06614447,5.497355,0.0,4.9350066,1.9864943,0.0,4.26066,0.0,0.0,5.571079,6.7771697,0.0793691,4.8617005,0.0,2.971649,6.693351,10.48952,6.5363827,0.0,0.0,1.649589,0.0,0.0,0.0,5.3174124,0.0,0.0,5.2065578,2.8875883,2.6769035,0.0,7.856545,1.8958464,4.2887964,0.573423,1.625092,2.218702,4.788738,0.0,3.3644302,4.3832135,0.0,8.084043,6.5482516,1.8965478,0.7093279,1.3492957,2.8444316,1.8232049,1.5694027,9.764782,5.46478,10.492391,0.0,0.0,2.012298,3.3643382,1.6293088,0.92514384,1.4073497,10.16423,4.3452053,0.0,2.041964,1.3604244,4.4275236,2.7940469,2.5781634,0.0,0.23698898,11.454348,2.800962,3.952206,3.488058,0.0,0.0,1.8990929,1.5586256,11.442791,2.6058545,0.75192404,5.7532773,5.996991,1.7397048,11.355517,7.9571843,10.074201,3.878386,6.9789014,7.5651913,4.59162,9.403508,0.7778557,3.8942487,4.783389,0.0,8.69328,0.5894749,6.022693,8.499052,0.8115518,7.6698294,3.3696082,6.5934205,7.394635,3.6132417,2.8333297,2.1960204,2.4564419,9.152899,5.3102717,4.6091433,0.0,3.4863977,3.135604,2.935049,2.8000872,3.5111845,4.2793465,0.025380641,0.0,5.3798394,1.6793596,0.30190158,3.2767334,9.25226,8.280088,8.31529,3.9209952,6.0734797,0.8610302,3.6615717,1.4437958,0.18815602,5.1468616,0.0,0.0,10.256496,0.0,0.92816156,2.691328,2.1428976,4.0314507,0.0,8.379617,7.085452,7.67615,1.076715,1.5132537,1.6956466,5.605445,1.7461618,4.3385277,0.23695248,8.386879,8.42823,0.40743294,2.9862454,2.7235703,1.6910443,5.583423,5.475067,0.0,2.1702318,6.82132,4.5814223,10.033392,3.1718268,0.78893614,8.443651,6.0789676,2.8016343,4.1657534,0.61439943,4.3592286,0.0,3.1611516,5.684168,10.002889,2.5581374,0.0,7.126441,3.5323489,2.4211073,6.7025414,2.9313807,0.0,3.0431204,0.7475823,4.737194,0.043948784,8.550767,1.3509402,6.6053414,2.79131,5.0247617,7.1129136,7.5952806,4.01389,2.8962047,6.338885,4.32556,2.2865183,3.2966642,2.308865,0.0,0.0,0.0,0.0,5.4567876,2.1943123,0.6988591,5.511683,2.3717902,0.0,1.888869,2.462974,0.0,0.54895425,8.346399,1.5951126,1.9933106,7.293443,2.9506538,0.0,0.0,0.5268417,2.1496885,4.0311575,2.2175882,9.290179,4.92537,1.2864847,0.0,0.0,0.0,6.4438477,3.4403248,1.7913122,10.944448,0.0,2.152035,0.0,0.0,0.0,0.0,6.918097,1.7863448,5.54484,3.8761144,0.0,5.8011856,4.5648446,1.4224193,1.9797597,4.5348196,0.0,1.4695346,6.4451957,7.3578215,4.072444,7.1831584,7.812637,0.0,9.983294,0.0,1.5223776,5.74278,0.16940717,1.9790037,0.7039923,3.2579987,0.69906247,5.973094,1.547652,3.5407815,0.0,4.021335,0.0,3.8979533,0.0,5.9282165,9.5343275,1.6457939,2.7648935,6.704024,0.43900546,4.264892,3.7166305,0.0,0.0,0.0,3.5206406,2.8397968,10.46646,4.226784,3.2181485,2.5592446,0.037662223,2.6485314,0.0,6.2847137,4.529879,2.8409755,0.71409434,5.540648,0.0,3.2665908,7.023029
A4hf,6.0424857,0.13361779,0.5349989,5.822921,0.40162182,9.605682,0.0,1.8512306,0.0,0.0,3.939877,0.67594343,0.8085187,5.7385798,6.891245,3.0890615,0.2908339,4.38628,0.0,2.646737,0.0,4.5087533,12.882324,4.2523875,12.080933,2.2203429,3.9795146,2.45593,2.6558194,0.60495543,4.4842186,7.18632,0.4000336,3.882981,0.0,9.909745,7.080638,3.7307374,6.959263,2.5864198,3.0060387,4.8585343,4.473752,0.14072971,7.7560863,1.7652487,1.8812376,0.0,0.0,4.882063,0.0,2.0100875,13.285443,6.119829,0.35866088,1.1542495,0.0,2.880294,0.0,2.4896643,9.176225,2.7051964,1.7259928,7.6774535,2.8405259,3.5349004,1.3690019,1.8195504,0.9138967,4.698166,0.705348,5.810163,6.6610045,1.5731064,4.4362106,2.12568,1.7343144,1.1073084,0.0,0.0,0.0,1.467772,0.0,8.892692,6.492355,9.097439,6.4885693,1.7228768,5.149823,1.2628942,5.0526977,0.0,1.6596029,2.6865468,0.0,1.4786735,1.6139945,0.0,4.883783,0.0,0.0,4.633091,3.749777,0.15818301,0.37919426,2.5305288,0.03395971,7.8171654,6.472945,3.4066744,4.9101906,7.872343,6.1325974,3.666027,1.1325667,0.0,9.821592,6.394628,5.699787,0.83227456,0.0,12.679161,7.865614,0.37766376,3.7166238,7.0984063,11.259598,0.0,0.41132057,3.2592483,8.503754,0.0,8.488426,7.587975,0.8811487,0.0,1.6757292,5.9369874,1.6587964,0.0,4.210612,1.1379793,0.8403232,2.5922396,2.209141,0.0,3.5716138,1.1013348,1.5379602,7.636636,2.0280519,5.278641,4.6539845,6.2855754,0.0,3.8095284,4.4997106,0.25446805,5.3361125,8.069034,8.467133,0.0,0.9161384,5.6068354,1.8309407,8.614402,0.0,0.0,0.0,0.9729087,1.1032825,2.9727845,0.0,12.896101,1.2952588,0.70156044,0.0,2.8139768,2.2124114,0.16985452,1.3485113,5.0151772,0.38177904,7.0126514,2.7457688,3.9969003,2.4514053,2.0373077,4.539986,0.16308202,7.291536,2.8331223,0.0,0.0,5.198116,2.6810532,0.0,2.5839264,7.0785737,0.0,0.0,0.5570802,1.6866575,0.0,0.0,0.44243002,1.6462629,1.1834842,5.2684593,0.8674064,3.8767252,0.0,2.2700884,0.13741669,6.8689384,0.0,1.3157892,0.0,4.4312835,3.1833532,1.2356217,0.25771034,11.24747,0.026031598,1.8377178,0.0,0.0,5.1113534,1.7978814,2.0401506,0.0,0.8728637,1.8819045,0.6195418,5.0240436,0.28698885,2.138644,4.7089295,3.4443429,4.562575,5.0790987,0.82710737,1.1673496,2.7814114,5.5817084,0.0,0.4920489,0.12957884,0.40965644,2.391457,0.0,4.2571616,4.6247177,1.346333,2.34886,1.3970939,0.26873702,2.5628881,2.235761,0.0,0.0,4.3630714,5.1558347,5.144407,1.8103254,0.0,3.2262366,1.7882594,9.490135,6.4306026,7.99459,2.076808,5.456613,0.0,3.9048235,3.206561,1.6702205,9.179919,2.3983865,3.0543897,10.310036,4.1507134,11.929867,5.2009315,0.0,1.4213395,0.0,7.351201,6.5781655,1.8421468,0.9095087,1.8131968,9.274441,5.04293,2.3803248,6.871748,0.56365144,1.7747605,0.2109946,6.42455,0.74501485,0.0,3.6575615,5.320349,0.0,4.5115705,3.6390564,1.7558308,0.0,3.2472708,3.041035,3.323882,10.580699,1.8841997,3.5141876,2.464362,6.3849545,6.90246,12.384421,0.0,2.0438845,5.459423,8.237838,4.1494493,0.0,4.981813,0.0,3.3413084,3.8368027,0.0,6.5609064,8.036391,1.7129681,4.3353386,0.0,5.6720357,5.689057,3.7335658,1.7811177,1.9841077,0.8234392,0.76664615,1.203048,1.2404385,0.0,5.8429055,1.5293587,0.0,2.705752,7.5276446,7.711727,5.746453,4.793416,1.3744748,0.0,6.657107,3.7814195,9.6277075,1.3903912,0.27835542,3.099889,1.3657169,0.3786038,0.0,1.4603107,2.6063845,0.0,5.8952065,10.700224,0.0,7.77811,4.1177826,12.853558,0.8770408,0.79181075,8.816956,4.8387322,4.311292,3.166301,6.173828,0.0,0.0,2.3485463,6.531632,0.0,10.418335,0.7947357,7.9023414,5.9292545,5.3131237,0.0,6.824178,3.2344677,6.180331,0.0,0.0015768968,1.4213144,0.0,1.799111,0.0,3.307522,0.0,0.0,3.4302135,5.22915,2.154123,0.0,4.2297287,3.592442,0.0,7.2064214,2.2302394,0.2870392,0.12045154,0.698557,0.0,0.0,0.7439042,6.2211013,1.340334,0.6756969,0.0,7.6591115,0.0,1.8683738,1.3845391,1.4476262,1.7406026,0.0,8.5091305,4.420393,2.7292593,0.9643411,0.0,0.0,0.0,0.0,4.1046286,6.139282,9.096669,0.0,0.0,8.219434,8.579102,5.2865043,4.8863125,8.714287,0.0,9.75773,6.5047774,5.9797497,8.495177,7.1154556,0.91303104,3.3761308,0.0,0.9770382,0.0,4.8887715,0.0,7.409459,5.1107454,1.008223,2.2749631,1.530517,4.4117627,3.20909,0.0,1.6329516,8.597456,4.4208646,0.0,7.154937,11.758768,0.0,2.3130531,0.0,1.6031513,0.2854198,7.007887,2.4632711,0.0,1.2610275,8.3696165,9.244772,5.2760653,7.439738,7.326067,1.6056843,0.015703276,1.2430464,0.0,2.2621894,2.279797,5.9228115,3.3608546,0.0,3.543998,2.648672,4.3838267
A6cdl,5.606471,0.0,0.0,1.095178,0.98991466,5.163672,0.0,2.2695901,1.3770202,0.0,1.4631956,2.023684,0.88462514,8.576967,4.887341,2.4790099,0.0,3.6993337,0.0,3.6342998,0.0,2.592946,12.041958,1.8380121,11.966042,0.6348041,4.050439,2.4442236,1.8353202,0.0,4.3756104,8.035811,2.2019439,1.788934,0.0,7.750014,4.9203153,1.4639419,4.8553395,6.599986,3.557971,5.4263005,2.779684,0.0,9.346043,1.6604599,1.7368333,0.0,0.0,7.9060125,0.4956879,1.4405048,9.09479,5.63725,0.0,0.0,0.0,2.8827987,0.0,0.47215658,11.92427,1.3160183,6.2211633,10.260199,0.35399202,5.3187723,0.10016867,2.26129,0.8100412,1.2968303,1.3583592,7.286647,8.584619,1.212378,0.21522857,0.34325823,4.601101,1.5963469,0.0,0.0,0.0,0.0,0.0,9.425405,7.0755653,6.7358465,4.86343,2.7665336,6.9798813,1.2104565,3.1364417,0.0,0.20209205,3.7098799,0.0,0.0,1.0408003,0.0,3.7353144,0.0,0.0,3.4797564,5.3253164,3.1938248,0.74178326,4.3571453,3.360306,4.616059,3.9504266,2.9746501,2.824477,6.4300303,5.129046,1.4113767,0.14926797,0.0,13.256713,3.8952115,7.0108924,1.4097803,1.09452,13.739765,8.139243,4.0952115,1.8271217,7.0636606,12.546247,0.0,0.0,3.4595006,9.614807,0.0,6.3068924,7.9453444,1.331666,0.0,2.9947376,2.831006,0.55890197,0.0,7.056103,0.86870855,1.5405419,1.1936697,3.0114403,0.0,2.9046597,2.8815198,2.6725953,6.7073216,2.3119962,6.3580885,6.1258726,6.744138,0.0,5.810866,6.149071,1.2082024,5.17307,6.3812175,5.6974707,0.0,4.2204523,7.6735563,5.1732345,6.685581,0.2958477,0.0,0.0,0.24152716,0.0,2.2500396,0.0,11.218867,2.8698504,2.4035392,0.0,0.0,2.1093194,1.7455072,1.2184911,6.1240435,4.1656203,5.1239805,1.6627326,4.4853115,2.7374477,5.7922645,3.6571984,0.3222114,6.9309955,2.2717001,0.3176687,0.0,3.8393302,0.07874859,0.49511597,0.0,9.13564,0.0,0.0,3.2600148,0.2912844,1.0432795,0.0,0.0,2.1088204,0.94774646,5.05698,0.16375333,0.0,0.0,3.1877093,2.5479171,5.625599,0.0,1.6284032,0.0,3.9281843,4.1166515,1.2977747,3.3164606,10.652456,0.18132828,0.0,0.0,0.0,3.510757,2.2116988,6.2417583,0.0,0.0,1.7175747,0.0,1.6932949,0.19541287,0.29783857,3.918398,3.4172359,1.8309443,4.1314163,2.3276534,1.2982061,1.2013755,3.1069047,1.0339885,0.0,0.4266269,0.0,4.065342,0.0,4.6096425,5.5564165,1.182245,2.112784,0.519516,0.60322183,2.7726388,3.2299545,0.0,1.924338,1.2348756,5.129112,3.0226033,1.6558969,0.0,0.8536448,2.2223332,8.771337,6.0299807,5.5343466,0.9457378,4.528672,0.0,6.3457365,5.535696,0.0,5.868794,0.0,0.8380974,8.831467,6.8779445,13.729853,2.0009801,0.0,0.0,0.0,7.998822,6.717541,1.3571068,5.007262,0.9332949,6.223463,2.4249125,0.0,4.5529246,1.8408519,0.7349767,2.3448637,6.7394085,1.1656702,0.0,0.45340592,3.1203167,0.0,3.5132065,2.0014923,0.0,0.12798402,3.614916,4.3881474,1.4751397,10.878374,1.5614051,5.4802027,4.4462066,6.7366114,7.619316,9.451183,0.0,2.4783092,6.624332,8.210485,1.857936,0.5538314,1.6670532,1.514771,4.2764387,6.340821,0.0,6.3821335,5.5285416,2.917438,4.531796,0.0,4.9706736,2.5779686,1.5209699,2.6726208,2.521562,0.1709304,0.0,2.1786134,3.3225024,0.0,3.4390635,1.1467505,0.0,0.0,6.38857,6.9804997,4.3197565,5.0123153,0.0,0.0,7.1111426,2.7576885,8.753358,3.2746913,2.170185,3.4617789,3.3307242,3.1058896,0.0,2.7064147,3.5141528,0.0,4.1751165,10.1920395,1.098407,4.5641255,5.1361966,13.261088,0.2834831,3.6984868,9.322054,6.126662,0.0,4.803014,4.5043645,0.0,0.17631085,2.2631454,6.7863803,1.7630321,6.6495395,2.3265376,7.5772266,1.8857805,3.4722016,1.0105692,6.865723,0.0,5.8287616,0.0,1.742154,0.09470989,2.1146142,1.7618332,0.0,2.8124697,1.4271265,0.0,1.29811,7.880542,0.42516273,1.212339,3.4947383,1.9753398,0.0,6.0342584,3.109035,3.3990076,1.5855883,0.8586451,0.0,0.0,0.0,8.446154,0.0,1.9524629,0.70728993,4.8842545,0.0,2.3626857,1.1934415,1.8816463,1.4889138,0.06827748,4.075236,4.6664267,3.4088051,0.0,0.0,0.0,0.075509116,0.0,4.9925976,4.286362,10.156028,0.37629467,0.0,5.971618,3.6107101,1.4609371,7.549776,7.934858,0.0,5.8492413,7.1727977,2.9822352,6.51017,3.2242007,0.92377555,1.7509321,0.0,2.732545,0.0,7.4553785,0.36294985,3.8443832,3.0650997,2.752664,2.70551,0.0,1.2092417,3.1585433,0.0,3.398285,10.007873,3.355558,0.0,4.8806577,9.951242,0.0,0.0,1.0729057,3.6099973,0.23655154,5.666625,3.2462611,0.0,0.0,4.326228,8.758085,6.5380197,6.7440763,3.5455134,0.0,0.6356889,3.235359,0.0,0.55147654,7.253091,3.3965387,0.5713726,0.0,3.7599251,0.90752614,6.3742933
A4ul,8.051422,1.5873494,0.0,7.991146,1.6540277,12.174122,0.0,1.8607398,0.0,1.2251544,5.278614,0.0,0.74801403,7.5082684,10.685228,7.9292207,0.055034306,8.782746,0.0,2.003336,0.0,4.921637,17.401936,2.3251014,15.414531,2.7372031,8.630799,2.9329388,3.4019687,0.33878815,9.534973,10.406709,0.3882178,3.1229722,0.0,10.469382,7.94001,5.101164,6.654307,4.8113337,2.4630632,5.7910624,6.608704,0.0,7.3927283,1.0736072,2.7236671,0.0,0.0,6.061141,1.5222135,3.522746,16.572214,7.9960737,1.8146157,0.16357787,0.0,2.298825,0.74692667,3.7949839,11.74998,7.3356304,1.3683611,12.109549,4.4105496,4.255508,2.3019547,0.5682541,1.3073338,4.981139,1.8616425,5.025099,8.706651,1.0851454,1.6144025,2.8654878,1.1552913,0.0,0.49080917,0.0,0.0,4.0734735,0.0,8.1380415,6.04483,9.314977,7.5118732,0.7648862,7.8731065,3.0057178,6.888078,0.0,3.830288,4.8452363,1.5979595,4.706714,3.406213,2.2464175,6.603641,0.0,0.0,5.7932763,4.409369,1.2948964,1.168357,5.1888795,1.249387,11.743819,9.137603,5.536276,2.7579598,8.575136,5.3670278,3.1778872,3.2612288,0.0,16.005249,7.9557157,5.095881,2.9127202,0.7023216,18.674473,7.967609,1.0917078,4.8022385,9.550008,11.842652,0.0,0.0,5.344755,9.417229,0.45827073,13.635093,12.2817135,0.23614453,0.0,4.072963,6.5134134,1.6099255,1.1369699,3.510999,2.1771574,0.16939414,6.7557116,2.302084,0.0,3.804065,0.0,3.5523825,7.4308124,1.2383575,5.16636,7.3136206,9.738868,0.0,8.898785,8.609773,2.2455072,5.7192893,10.393832,10.742765,0.0,4.116967,6.763756,5.2122064,10.34248,0.0,0.0,0.0,3.1340852,1.273831,2.0219765,0.0,15.112936,3.0189636,1.576484,0.0,4.5141516,5.257919,4.1121883,2.147226,9.004969,0.84714556,2.8884885,5.071883,3.600643,1.1004056,3.2706752,3.5460606,0.0,8.416529,5.837254,0.0,0.0,5.6427093,5.446695,0.0,5.7819834,8.424386,0.0,0.0,0.72052115,3.1457636,0.382401,1.6885496,0.3441689,1.683932,4.6281905,7.0409613,3.851307,3.6052139,0.0,6.238336,3.5441878,8.707008,0.0,3.3339486,0.0,6.6220713,5.1014924,1.4188793,0.13123627,14.315279,0.0,1.7440379,0.0,0.0,7.9479866,2.0457544,1.060144,0.0,1.7174859,4.364263,0.17499451,5.889708,0.0,0.41417652,2.6848457,4.227288,9.695909,7.957749,3.7722962,0.19056602,3.462117,9.088476,0.0,1.2011986,1.5500915,0.0,3.7699716,0.0,5.526443,7.0221863,5.3162394,3.4584632,2.0827286,0.0,1.5982108,5.0978923,0.0,2.3521178,7.1171913,6.8167057,7.5815377,0.859809,0.0,5.8623266,2.9862006,12.259181,7.525177,12.600511,4.202367,6.976625,1.4941716,5.336078,5.3045917,0.9972316,11.340424,5.8477535,3.7278235,11.91763,5.644991,14.773137,6.7959433,0.0,0.0,0.0,5.8411155,6.4996076,0.64298296,0.45104712,4.4315133,10.588003,6.748288,4.97288,7.548724,0.7299314,4.750446,1.3886248,7.66617,1.9113758,0.0,5.9838157,8.275013,0.21480043,6.774854,3.7733476,1.0472635,0.0,0.6977771,7.4872804,5.221323,11.917875,0.98674756,4.2430563,2.3155897,9.069988,6.7402067,16.288105,0.0,0.995306,4.657884,11.186325,6.2722096,1.029978,8.084181,0.42555732,3.6664479,3.9489245,0.0,5.250536,9.3897295,1.8360844,7.1906743,0.0,6.8892026,4.6044383,3.9433692,3.7814975,1.6520283,4.4697266,1.9086989,3.977689,1.259314,0.0,7.767485,4.597459,0.0,5.122615,8.47338,8.353565,8.162386,7.933508,2.1955452,0.0,8.551168,5.3123393,11.42209,1.6122674,0.0,6.1744647,1.85757,3.597885,0.0,4.83702,3.2859905,0.0,6.4816875,12.516542,2.8028688,8.3896675,3.3677359,13.527005,1.8996199,0.62034786,13.706418,9.323481,4.9221883,5.5799336,8.315327,0.0,0.0,4.849525,7.4633927,0.0,12.797347,0.88817036,9.204616,5.0996647,9.304084,0.9004354,10.985377,4.0827193,9.170009,0.0,1.7831542,2.7825694,2.5523517,4.4485164,0.0,2.3109076,0.0,0.0,2.5275545,8.662153,1.6645963,0.0,4.3149276,5.6055217,0.0,6.919346,2.5649872,1.0773903,0.0,0.080482386,0.0,0.0,3.0844102,6.929235,1.9115212,2.9657602,0.42432564,8.552955,0.46606642,2.5762172,5.079768,4.6222315,0.0,2.1853037,11.619444,6.04144,3.7741385,3.789492,0.4384887,0.0,0.0,0.0,5.1741543,9.93696,12.380428,0.3302912,0.0,12.929105,10.749071,5.709954,5.572404,9.587034,0.0,14.09093,7.7855177,6.24019,12.523248,10.451239,3.5148935,2.1608868,0.0,2.9572487,0.0,5.1710634,0.0,8.310112,4.818986,2.0528708,3.5236127,0.73089856,5.040034,4.1045456,0.0,1.2714167,9.891925,3.306563,0.0,7.599148,13.179682,0.0,2.254562,1.1955712,2.5266206,1.5911262,9.631575,5.2411613,0.49079543,1.3974621,9.245091,11.369663,6.0967236,8.813221,8.412544,4.2077527,0.0,2.346798,0.7794936,2.3760588,6.2380137,5.7068806,6.231946,0.0,6.393916,3.15937,4.3886013
A4t,8.316452,0.0,0.0,5.489508,0.59742856,10.171815,0.0,3.8468976,0.6076433,1.1521018,4.0745764,0.6817698,2.698449,8.057535,9.751664,6.604872,0.0,8.108612,0.0,2.1093478,0.14526333,5.2769456,17.88136,3.020204,14.601591,2.6036503,8.045004,1.1572406,3.013471,1.1942238,6.593629,8.763456,0.43022913,3.8042746,0.17482524,12.088455,7.1925583,2.0828843,7.1724176,5.613841,5.6692777,7.52756,4.898696,0.0,9.010082,0.0,2.026035,0.0,0.0,6.6628456,0.0,2.5076342,15.100421,9.154492,2.7910726,1.7191745,0.0,2.842562,0.0,1.9763414,12.583152,5.118412,2.3675447,11.602653,2.9269874,4.4925795,1.0194857,0.81191003,2.2681122,2.7414153,0.0,7.572805,8.103881,0.8219655,1.7827275,2.8261774,3.129652,0.430623,0.2814338,0.0,0.0,2.6744995,0.0,8.514261,7.3554697,9.949246,7.760132,1.282732,8.001101,2.8951237,7.294706,0.0,1.3264399,5.4576836,1.4635572,2.773602,1.3958545,1.20643,6.6697173,0.0,0.0,5.9702787,6.649306,0.71410954,1.2711331,5.0060034,1.6168706,10.328446,8.202899,5.9938507,2.8138874,8.436393,6.148441,3.6168754,3.8846684,0.0,16.397562,8.7219,5.362526,3.7882094,0.0,19.490805,10.666671,0.6954063,3.684644,10.017103,13.744525,0.0,0.0,6.586339,11.399244,0.0,12.340158,12.246662,0.41852528,0.0,3.1168976,6.3256063,1.3305509,0.8818558,5.777194,1.8574071,2.0489833,2.4876347,2.4662797,0.0,4.5321097,1.1176547,4.2152257,7.305453,0.36808854,7.8028045,7.0474195,9.8017845,0.01125592,8.329295,7.3191566,2.1828687,6.512602,9.733011,10.488138,0.0,3.2565577,8.422789,6.2484994,9.742461,0.0,0.0,0.0,1.0233614,0.4138297,2.0924873,0.0,16.821623,3.07815,2.4442842,0.0,1.3932644,5.926825,3.6234992,0.26563212,9.267318,3.041854,3.688617,3.9531202,4.480567,2.1821666,4.691932,6.1079607,0.0,9.999987,4.1997857,0.0,0.0,6.005521,3.6263125,0.0,3.908471,8.912755,0.0,0.0,0.8593754,1.8690909,0.8277807,0.0,0.0153096225,0.2073156,3.8097672,6.452104,2.032748,2.2494247,0.0,4.3040853,3.9421637,8.726693,0.0,1.80482,0.0,6.6667237,5.6242375,0.50883913,0.85725826,13.841011,1.0749061,1.558242,0.0,0.0,7.482641,2.1229312,2.9616191,0.0,1.6416157,3.9793224,0.0,4.898813,0.2852856,1.2762605,1.2261814,3.9607172,8.097901,6.091056,4.7409396,0.5362241,4.351089,6.302857,0.0,0.0,0.63241065,0.0,3.205405,0.0,6.0322638,7.238663,2.7967107,2.9864626,1.7751147,0.0,1.6704978,5.3567014,0.0,1.5131662,7.2002916,6.327742,7.038717,1.8750589,0.0,1.7645637,0.94651896,12.275633,10.040818,11.369357,3.434188,5.6893315,0.0,5.8109417,7.755614,1.6673616,10.155833,3.241291,3.9237902,12.288775,6.6073422,14.84588,3.6574981,0.0,0.0,0.0,7.3925824,7.383668,0.81494474,2.9122477,2.295528,8.998342,5.1937156,2.444809,8.379187,1.0206325,2.7178214,1.0442749,8.655674,2.758098,0.0,4.54267,7.1436634,0.0,5.7899356,4.5919375,0.8656084,0.0,1.3538029,5.9957,4.355403,13.261141,0.05107005,3.2460337,3.017717,9.789637,8.628877,15.588794,0.0,1.6807208,3.8048613,11.650569,5.2789774,0.0,8.09581,0.0,3.7458065,5.8535857,0.0,4.83768,8.585327,2.6277447,7.3464227,0.0,7.6545095,5.473188,3.9755106,2.2122636,1.3028479,1.5886283,0.93267816,2.6914856,2.8081784,0.0,7.6622767,5.0857954,0.0,1.3607394,8.095431,8.454259,7.542831,7.481881,0.89095175,0.0,8.945438,3.5735788,12.2761545,1.1300406,0.79669565,5.0508237,3.0390577,3.2208147,0.0,4.0659237,2.6530976,0.0,5.2740326,13.658606,3.6523535,7.145688,3.683556,14.618824,1.2834452,3.8929634,13.710898,8.480444,1.5852312,6.4937053,6.0364094,0.0,1.0804306,4.9710517,9.029541,0.77963835,11.384352,0.36747393,10.327976,5.1306124,6.289617,0.0,10.872146,2.8084016,7.0014577,0.0,2.3307946,1.8255126,0.5706372,3.1962051,0.0,0.72533625,0.0,0.0,1.2954904,8.555099,0.44484457,0.0,2.8994792,3.054713,0.0,7.72625,2.5182776,2.599624,1.0579975,0.0,0.0,0.0,2.407864,8.863677,0.0,3.0340917,2.0582361,8.745294,0.41707367,3.094163,2.9007752,2.9821393,2.0320015,1.1271933,10.81789,5.682538,3.3135555,1.803061,0.28266785,0.0,0.0,0.0,5.8802004,6.6166115,10.66145,0.0,0.0,12.51872,8.943185,3.2960796,7.588069,10.785237,0.0,11.599625,8.204519,6.124378,12.114745,7.8189187,4.032708,2.9338486,0.0,0.69356394,0.0,7.270644,0.0,6.1438837,3.5137537,2.1305242,2.038713,1.0980955,4.6129484,4.948065,0.0,4.012464,11.931584,2.9999247,0.0,8.136317,13.34308,0.0,0.55854607,1.2229836,1.1114103,1.4151707,7.965423,3.0566652,0.0,0.0,7.915143,12.399018,6.3567457,9.461727,7.4577403,2.5979407,0.0,4.6004667,0.0,1.6591682,7.1516438,3.8615544,5.046319,0.0,5.345456,1.3167161,5.7194576
A4tl,2.9407744,0.0,3.8284721,1.1137048,0.0,0.8406145,2.824131,1.9152961,1.5694382,0.63872284,0.6423256,4.35403,1.3546604,4.048527,0.0,0.06491793,1.1739459,0.53825784,1.4090543,1.0648746,1.5000535,0.0,3.2975574,3.475081,4.1571198,1.87937,0.0,2.2926545,3.8818603,2.112535,0.0,1.453594,0.5224128,2.3426692,3.119578,2.2810354,1.5655876,0.3764613,3.5937295,4.4743567,3.0594563,1.6179087,1.7790655,2.5573385,4.2835927,2.1560383,2.256526,0.0,1.8773149,3.6232593,1.3512359,1.6016153,3.3352077,0.81268406,0.641571,0.9924775,1.0060668,1.4699506,0.4689191,0.0,3.006803,0.0,3.2193956,3.8686473,0.07760897,0.90684247,3.0285807,2.9328635,0.13624173,3.1404667,0.0,3.594206,2.4325297,2.6667993,2.9389467,0.62400174,0.51577723,3.2653313,0.31121966,0.0,0.0,0.0,2.1593633,5.4349,3.1295936,3.2671702,2.802283,0.0,2.2841535,0.39794552,2.0305216,0.0,0.0,2.7143831,0.0,0.8338404,0.0,0.0,3.1074805,0.018913625,0.0,2.9820008,2.1587834,1.7793906,0.41269684,2.241559,2.3538306,3.6659856,2.383205,4.672401,3.7088883,2.386068,5.926685,3.3254793,0.090482794,0.012755007,3.7083519,2.9454858,6.4701867,0.59893286,2.0526752,1.628956,4.0907297,1.6779857,0.28791273,2.9041812,6.486972,0.0,1.1660991,3.222566,4.9037647,0.8197313,0.9964028,0.5576383,2.1238766,0.77094597,0.7815221,2.3947828,1.7028854,1.052847,6.1039658,3.0445375,0.0,0.0,0.9963149,0.0,2.9642155,1.1251663,0.0,1.8613524,2.0611038,3.0621154,0.8829456,0.98125786,0.8334554,0.0,0.0,0.20611599,2.3821287,2.3397646,2.6824653,1.8856773,0.0,4.0941677,0.0,2.1273332,1.9974215,0.0,1.5896364,0.54978794,0.0,3.0256004,0.0,4.367439,0.13233146,0.6982407,0.0,3.5813117,0.0,0.0,2.0316856,0.47339928,2.9751623,5.23373,1.302233,1.9580417,4.725938,1.879306,4.1488366,1.9832919,2.4189,0.0,0.64361036,0.0,0.42668468,0.0,0.0,0.79776305,3.0528014,2.2529929,2.2467806,2.102254,1.3311979,1.1862762,0.0,1.6742594,1.0274352,1.8697547,1.1252071,1.6917723,1.9994575,0.0,0.0,0.27411625,2.511635,0.86924034,0.0,0.52603763,1.5383545,0.0,2.4018693,2.0073469,5.4212537,0.39695793,3.0940886,0.0,0.20031935,0.16463323,0.8048389,3.639458,3.1990569,0.27076775,0.43929103,3.0264266,1.7137928,1.8029048,2.078916,2.874309,1.6766293,0.0,1.1787,0.7096557,2.593533,2.6632335,0.58887064,0.1721805,0.0,0.13254948,1.252575,1.49979,1.6989219,4.545832,0.7987973,0.0,3.3744683,0.34645945,1.6738007,3.288188,0.19782607,3.856303,0.0,1.1847348,1.1555872,2.33222,1.4338343,0.0,0.0,2.155113,1.0233005,5.6985183,0.0,1.6529602,2.636311,0.9571208,1.6804942,2.9299233,0.09485616,2.93852,0.6267032,3.5725875,4.4033766,3.0328634,5.3431673,1.506919,0.0,1.4983441,0.0,3.8521066,1.824499,2.1362393,3.45228,1.2976583,2.647473,1.287665,0.72907,5.0339117,1.3471363,0.0,0.0,2.5395877,1.5107127,2.0680635,1.7419851,0.5502436,0.0,0.86660075,3.6610107,2.4989238,2.8282316,5.0333085,0.0,1.6713456,6.456782,2.1474957,5.0168486,1.795764,3.4160392,4.5403624,4.023311,1.2527428,2.6908677,3.2988725,1.7919607,1.443286,0.3376728,0.6140118,0.074279256,2.701803,4.234637,0.0,3.2159116,2.246677,1.3360467,0.6708249,0.0,4.90634,2.6962469,1.3385638,1.3462524,3.0201626,0.9440193,0.84769815,1.5287917,2.673266,0.0,1.7122952,2.132289,0.0,2.974244,4.817071,3.4302537,1.7970557,1.8360215,0.0,0.0,1.7062676,1.7677828,4.4382877,4.00496,1.6999123,2.3600073,1.8042613,2.560571,1.8624297,0.0,0.21458629,0.6014195,2.2661083,4.5031943,1.8510656,3.5997355,2.7226279,5.883697,1.4922587,2.1769886,2.472242,0.0,1.8081632,0.9819528,1.6385896,1.127922,2.2135396,2.4003334,1.7673908,0.023258507,2.8586795,0.3701505,4.341904,2.46994,0.0,0.8852288,1.5961704,2.8631907,2.2891455,1.0606171,1.875004,0.68060875,0.0,1.6488026,0.0,5.5567546,1.0726104,0.4096961,2.4022083,4.2787895,0.0,2.7973413,2.3893378,0.0,0.0,4.946742,2.2428825,0.5930733,3.7957506,2.556012,0.0,0.0,0.5224704,1.4016453,3.8155503,1.4338791,1.8096081,3.4602478,0.9880708,2.0481958,0.50532204,0.0,2.285267,0.99450326,1.58195,3.7063277,1.6679798,0.0,2.8245907,0.0,2.1222107,0.0,2.2387738,0.26355118,3.268254,1.3642606,0.0,1.4150491,1.4324857,2.2587552,3.3344448,4.0732274,0.0,0.5905631,5.109661,4.1611247,1.3237488,2.291423,0.0,2.5315392,2.179331,0.19792698,0.0,4.8325524,0.0,1.81008,3.9198587,0.6669863,2.4074752,3.4159265,1.8025553,2.0160162,0.0,2.2090518,2.0732076,1.4135432,2.6567187,0.41022882,3.8933764,1.4879401,1.3554089,2.042654,3.1937141,1.9735415,2.8372734,0.33983248,0.0,0.0,2.9096158,3.9124763,6.1007276,4.4348063,3.0889916,1.8587493,3.1946476,0.056723803,0.6091069,2.6255722,1.9477824,2.4721663,0.46584773,0.0,1.0644355,0.20642161,5.699442
A6cvl,3.4046752,0.0,0.8524748,0.46494144,0.0,3.61042,0.9389205,0.35038337,1.5474068,0.0,0.99818367,1.37525,0.0,6.5959525,1.6263275,0.6831381,0.59260446,1.9952981,0.0,3.2697628,0.0,0.31800747,8.269201,1.8660119,9.505126,0.953177,1.8758347,3.309782,1.6027957,0.5502616,0.60138524,6.9147916,2.326455,1.768173,1.5939577,3.9488063,2.8264382,0.96018857,2.8329365,7.0309105,1.9412572,4.131286,3.252287,0.0,6.7610116,2.3900673,2.7069504,0.0,0.0,7.419589,2.355167,2.4167657,5.1954136,2.4363909,0.0,0.0,1.2568076,3.0805678,0.0,0.0,8.482124,0.15878828,6.121614,8.204308,0.0,4.5188484,2.202351,2.36994,0.30041787,1.1293131,0.9698842,6.252702,6.2326612,3.1042166,1.7378765,1.2657835,3.1411793,2.529309,0.0,0.0,0.0,0.0,0.0,8.970542,5.1906724,4.2718134,3.1825457,2.1691566,5.0636277,0.0,0.16754755,0.0,0.0,3.1076288,0.0,0.3441693,1.4535176,2.1038716,3.2921624,0.0,0.0,2.8637524,3.6251845,3.569965,1.5937263,3.6145885,4.138686,1.4724362,2.7882519,2.1693118,3.4133375,4.7079678,5.220877,0.88156134,0.0,0.0,10.736725,2.3645093,8.102592,0.19450416,1.0471812,9.417307,6.6861386,1.6158867,1.5943729,4.6431265,9.852156,0.0,0.0,2.8382666,7.322751,0.0,2.5322657,5.485414,1.7809557,0.0,1.9727384,2.0600975,0.42121392,0.09413567,6.0776415,1.2701726,0.54284185,0.87417203,1.40434,0.0,3.2143295,3.66303,0.4453521,5.72881,4.6563244,6.44694,4.161906,2.6822612,0.0,3.119924,2.6834123,1.5193319,3.3069816,3.851542,3.8144596,0.0,1.8397667,5.619321,1.652498,5.020449,0.46045285,0.0,0.0,1.8334941,0.0,1.8116393,0.0,6.3238654,2.7997088,1.7052002,0.0,1.3216687,0.0,0.78606683,1.7549014,4.5451975,3.5270596,5.2616496,1.4829439,2.0914037,2.4748957,4.83748,2.9950325,1.4548597,5.1227417,0.0,1.3545548,0.0,1.4559474,0.0,0.06976406,0.36251727,6.8236623,0.0,0.0,4.3318233,0.58545005,1.037389,0.0,0.0,1.9322925,0.7228993,3.025129,1.4831325,0.0,0.35674915,2.7773056,2.124682,3.406063,0.0,0.6416762,0.0,2.4463174,1.8856897,2.3324873,2.819997,9.208664,0.9662057,0.0,0.0,0.42927203,2.1336882,0.58993745,6.2253165,0.0,0.0,1.6620066,0.22585718,0.39520535,0.0,0.90829605,4.766953,3.3959851,0.56899065,2.1876285,1.8021133,2.4728105,0.39624628,1.8857788,1.3909538,0.0,0.0,0.67207974,4.1740727,0.55689764,6.170159,4.0425806,1.3909898,1.3020555,0.38725525,0.6703852,3.6022048,1.9515995,0.89194185,1.5934626,0.0,3.7458663,2.4027767,0.35796374,0.0,0.0,3.4171119,4.654414,4.193142,0.833218,0.29030377,4.1768184,1.795443,4.226882,3.2097692,0.0,3.9751995,0.009406541,1.4982303,5.480253,6.0346456,10.352839,2.4381003,0.0,0.0,0.0,5.4016714,4.624166,1.928688,5.41967,0.8287011,4.0968304,2.5149298,0.0,3.5962074,2.1042018,0.5983339,1.0282277,5.4781294,0.75648975,0.0,1.2687867,1.4835128,0.0,0.5050505,1.7535115,1.6715072,2.8507955,2.5705407,3.0258248,3.1675,9.336874,3.2658677,7.125263,3.7922695,4.374942,5.6593947,7.217227,0.0,1.1234047,4.8379436,4.3552666,1.4457066,0.5891866,0.0,0.22959903,3.3907282,6.399202,0.0,5.256448,4.34624,3.9091702,3.6334045,0.0,4.236504,3.477459,1.0260483,3.0825558,4.283034,0.0,0.0,2.4640138,2.6294794,0.0,2.8399959,1.1536639,0.0,0.7144189,5.510338,5.3462243,2.7253854,2.7126944,0.0,0.0,4.390519,1.7270066,7.0511503,3.7052016,2.106648,3.9586692,4.633135,3.0646234,0.0,0.8754095,0.7367323,0.0,3.5842807,8.201181,0.26353416,3.8648612,5.0959554,9.377342,0.98828155,1.391662,6.2369223,4.3404555,0.0,2.5953674,2.4375517,0.0,0.59493726,2.0522342,2.9241319,1.494033,5.2599154,1.6757964,5.81088,0.0,1.2563136,1.645735,4.3897223,0.95235103,5.157014,0.47509477,1.6183099,0.40549237,2.1763246,1.0576468,0.0,4.374934,1.758687,0.0,2.7907777,7.5418515,0.67284137,2.1922677,4.2055197,0.0,0.0,4.766175,3.5354524,1.2558761,1.7058543,1.8868809,0.0,0.0,0.0,6.3135056,1.3010747,0.9654823,0.8221189,4.870098,0.21040522,1.955689,2.3078754,0.975755,0.58246183,1.0219787,2.548746,3.9421446,2.8296778,0.0,1.1187642,0.0,0.30446386,0.0,4.2618,2.869382,5.5387216,1.2501086,0.0,1.0225904,2.0141306,2.4744787,5.266549,6.5762763,0.0,2.8825467,6.2993584,3.2218683,3.4435582,2.6687143,0.3725324,2.1327553,0.5762508,2.9313493,0.0,5.72678,0.0,2.4607558,4.2598367,3.0765638,2.9384518,1.4456149,0.9743972,4.1037436,0.0,3.147564,7.3445783,3.3400931,0.0,2.3009727,6.0503044,0.0,0.17751272,1.1538248,5.156079,0.582597,4.4622865,2.9546714,0.0,0.0,3.6683788,6.900844,7.070144,7.2648163,2.6160443,0.14140458,1.6732793,2.298193,0.19029176,1.5881901,5.7712674,3.0570242,0.0,0.0,2.9615176,0.0,6.5371885
A1/2/3ll,6.695123,1.6701059,3.526861,6.4107933,1.2605774,10.026944,0.0,3.0852568,1.2507137,2.5186994,1.888029,0.9537934,2.2822263,6.299063,8.150669,6.011699,0.0,7.4386883,0.0,2.4570863,0.0,6.6175933,13.389915,3.1947017,11.276719,2.886467,7.6839094,0.8657082,2.768997,0.4558301,5.8962746,5.591268,0.0,3.969321,0.61016923,10.592292,4.192376,2.7329032,6.2370877,6.988138,4.2058973,4.9706573,4.347331,0.0,7.208708,1.4457755,4.087413,0.0,0.0,3.5559096,0.79031515,1.7383035,13.422885,6.6521616,2.9055154,1.0225023,0.0,3.573771,1.3022033,3.6959555,9.662437,6.6323647,3.320256,9.062945,5.295135,3.131026,2.587832,1.3749739,1.4483452,1.0241275,0.9885528,5.512993,5.6790547,0.6734142,5.290336,1.8946879,3.8608382,1.339058,1.2994645,1.9905497,0.0,2.0988169,0.0,8.561808,5.7545624,8.867749,8.280825,3.6860697,7.7143006,1.2784828,3.738712,0.0,2.4607975,6.3016634,3.439489,4.234153,0.6886427,0.93345577,4.08094,0.0,0.0,5.0065084,5.227031,2.4818532,0.091102235,4.0258245,1.0748662,9.890604,6.9471035,3.5537333,2.9778657,9.039953,6.4002295,4.0894475,3.3192344,0.77015984,13.249663,8.394008,4.313915,3.3617165,0.0,15.99794,7.1184373,0.51375806,4.613449,7.8494554,9.753945,0.0,0.0,3.361469,5.9288735,2.6904483,10.765616,8.799055,2.005836,0.0,2.6311502,4.3590016,1.972684,0.0,4.6116643,3.137527,0.3602456,4.4083962,1.9885699,0.0,2.6792762,3.5979183,3.8391619,6.6069765,1.7458866,6.04062,3.4588494,6.9021187,0.0,5.7968793,4.891695,2.908248,2.3364892,7.9052215,9.102299,0.0,4.469184,6.83772,2.1679285,6.760255,0.0,0.0,0.0,1.3518692,2.5787344,0.0,0.580661,12.502221,1.284322,0.7001773,0.0,1.4129685,2.7222033,0.32442892,2.1700788,5.029482,0.0,1.3515581,7.429247,1.3983208,0.82986,2.03716,4.0876026,0.0,7.1137114,4.0294404,0.0,0.0,4.914366,4.552972,0.0,5.108841,6.629722,0.0,0.80357504,3.078894,0.74457216,2.5631285,1.226328,0.23228322,2.949388,4.221702,4.250806,3.0088553,3.8863013,0.0,4.8218694,3.2270367,5.850872,0.0,1.2390453,0.0,6.6595516,3.7570097,0.49434516,1.1441978,9.34596,0.4864608,1.3926708,0.0,0.0,5.762658,1.9524336,0.36156625,0.0,1.9927422,4.8971953,0.14713745,4.771797,1.2819904,1.4909317,2.272094,1.2404429,7.701012,7.717902,1.0396001,0.6684453,5.3311768,4.4142337,0.0,0.25145188,2.67849,0.012370986,1.273479,0.0,7.652454,4.776672,3.2919376,2.8800523,0.10787454,0.91533595,0.84197325,5.9033318,0.0,1.1040972,6.0967116,6.0862727,6.1986775,0.857374,0.0,5.164731,0.0,9.738301,8.8812475,9.861149,4.366273,3.574661,1.5423546,4.382586,6.345096,2.4057627,10.158966,3.8934064,5.092625,9.597882,5.3562074,10.532466,2.87209,1.0992242,1.103017,0.0,5.7933207,4.7606463,2.5915427,4.5764866,1.8491104,10.220368,6.905856,2.3350425,7.413327,0.42588603,1.2111689,1.3255128,4.7513685,3.6292074,0.0,5.1337886,10.049518,0.0,9.167834,1.5670092,1.5190377,0.5358318,0.0,3.8241024,3.2500823,11.361002,0.41298205,2.7684796,0.85388345,7.9831223,7.385314,14.46556,0.0,1.6153139,2.9013395,9.35095,5.9914117,3.9354186,8.277544,0.0,2.109179,6.1815743,0.0,4.9658213,5.3908443,1.8626807,4.9843183,0.0,5.2646375,6.6883774,4.9649205,1.2411696,0.0,0.53399295,1.4544815,0.0,2.0366445,0.0,7.0462384,2.2948036,0.0,2.7724516,4.921298,6.4997516,7.2746387,4.8421125,3.4283738,0.0,9.350229,3.9060004,11.73598,1.1449374,1.9114567,3.1692262,4.00064,1.4982222,1.9739901,5.3055534,3.094208,0.0,6.950976,11.609116,2.7684667,4.8541174,4.5258904,10.663688,1.7904536,3.5250587,9.398502,7.3720555,3.2167072,3.3884254,2.5067837,2.9904935,1.3801402,4.1855006,6.1510286,0.0,12.696335,2.666723,7.6458526,6.576627,7.845368,1.5781263,7.571446,2.404731,5.5471005,0.0,0.2721566,0.4573843,3.14014,1.9349725,0.48879853,0.45773828,0.5959021,0.0,4.1453004,7.0756564,1.5870767,0.0,4.3744364,1.1966416,0.0,6.455649,2.2886908,0.0,1.6129836,1.2443126,1.1072448,0.0,2.9472609,7.151384,2.2418447,2.0223205,2.9249141,7.744929,0.025676657,3.6983328,5.4419985,2.404344,2.38814,3.9678364,9.825904,4.722768,1.8044647,2.996284,1.3652655,0.0,0.0,0.0,3.833057,8.342209,8.101421,0.0,0.0,12.993976,9.747152,3.3689806,5.1837425,9.190247,0.0,11.67824,4.2437816,5.7793293,11.680795,8.997236,5.980435,4.8119845,0.035927266,1.9012018,0.0,4.274964,0.0,8.282158,5.4087987,3.0453336,0.56047153,1.9797412,5.494686,5.202794,0.0,5.99296,7.5044723,3.1120481,0.0,6.318342,13.838045,0.0,1.3370286,0.0,1.3711689,4.083782,6.8262234,2.65269,0.45311147,1.5905893,6.3021965,8.243009,5.8576913,8.725248,5.397677,2.9870336,0.0,2.8170142,0.4288218,2.5968199,3.241796,6.367885,3.7360725,0.0,4.471682,6.4776497,4.5833263
A4ll,7.655563,0.0,0.35825232,4.2973776,1.4354335,8.232842,0.0,4.6797943,0.36881304,0.69381493,2.7430727,1.6908228,3.1746552,8.398172,7.1149983,5.063464,0.0,5.458377,0.0,4.075484,0.47126895,5.7650824,16.056698,4.371237,14.41329,1.7903954,6.9852734,0.74558246,2.6903713,1.6908246,3.9902308,7.197576,0.0,2.58868,0.0,10.526134,6.0230727,0.95867854,6.928102,4.8097067,4.4521704,7.0502105,3.1887038,0.0,9.990947,0.0,1.6034309,0.0,0.0,5.094366,0.0,0.99064654,12.545545,7.189015,1.4108715,0.28561398,0.0,1.4859794,0.0,2.4959638,12.300053,2.9613352,3.0086265,10.207016,1.7458105,4.292556,1.8026173,1.9115618,1.2577457,2.0261967,0.0,7.298298,7.377728,0.0,2.389747,0.81435704,2.0353973,2.2630606,0.0,0.0,0.0,0.32409093,0.0,8.445546,8.15044,10.048692,8.719427,1.7190483,7.7224164,1.5136181,6.7359548,0.0,1.0307621,5.392315,2.2679882,1.5296042,0.0,0.0,6.972869,0.0,0.0,6.106952,6.9537997,2.3516512,0.96419334,3.7294147,2.1732392,9.507515,5.231042,5.4618263,3.3369465,8.715148,7.0617766,5.2975082,1.6834077,0.0,13.989996,8.09116,4.2069182,1.5506817,0.5817202,16.896822,10.890623,1.8514544,2.412536,9.706406,11.654719,0.0,0.0,6.619774,11.110753,0.0,10.1847515,10.55535,0.0,0.0,2.6495204,4.736562,1.8042871,0.8562458,5.296206,1.9086185,4.0594864,0.040987443,2.5527287,0.0,4.465009,2.6719897,2.7219696,6.8075867,0.0,7.121628,4.9391465,9.3132105,1.5956104,6.125133,5.578722,1.7256311,5.5340676,8.489989,7.757509,0.0,3.0738678,7.787183,5.888553,8.652599,0.0,0.0,0.0,0.4893424,1.3204204,3.2919643,0.0,15.968364,1.6048511,0.4365604,0.0,0.28183317,5.0010076,1.229267,0.051336445,6.866546,2.9366236,2.946688,4.0666084,5.05191,2.2612,2.7555091,6.345117,0.0,9.452732,3.7400548,0.0,0.0,6.3756175,1.5274465,0.0,1.8272055,6.812161,0.0,0.0,0.0,0.86669624,1.3451949,0.0,0.0,0.34255448,3.157898,5.987593,0.0,1.4791324,0.0,3.7416275,1.6455356,7.255424,0.0,0.91583455,0.0,5.9153457,5.1946273,0.0038031042,0.0,12.406263,0.2680347,1.3501948,0.0,0.0,6.6143837,2.6936252,3.496498,0.0,1.1495599,3.2828176,0.0,4.6452804,0.0,0.009342242,2.4989712,3.2944005,4.722592,6.553035,3.9165986,0.84474146,5.8055415,5.266772,0.0,0.0,2.484827,0.8275115,1.3843299,0.0,6.878856,5.961743,0.8692486,3.436679,0.9512072,0.0,1.6854814,5.0889463,0.0,0.48132393,7.83512,3.9498436,6.427901,1.0906552,0.0,1.593928,0.84016174,10.717693,9.218936,9.891524,1.3179682,6.5298715,0.0,3.7470822,8.041902,1.7239542,8.639955,1.5257372,4.518786,12.903487,6.4915814,12.6834,3.1801822,0.0,0.0,0.0,10.152762,5.707254,2.6368797,3.582992,2.824002,9.741134,4.4842024,1.3596948,8.264382,0.41699168,2.247744,0.3995958,6.6987157,4.014409,0.0,3.7538497,5.0333805,0.0,5.0086956,3.1501465,0.5706144,0.0,4.2491155,4.164224,2.5848308,11.088367,0.0,0.49094176,4.268039,9.133024,9.290346,14.915611,0.0,3.973223,4.6285157,8.779395,4.2942986,0.0,6.6896577,0.8781573,2.3425155,7.1942577,0.0,6.013543,7.6900225,0.85202676,6.1337094,0.0,6.835542,5.014093,5.313543,1.1634176,0.94012624,1.1812711,1.8640711,2.055541,3.6125498,0.0,8.503012,2.9933317,0.0,1.2812979,7.937058,8.186968,7.469012,6.3393297,0.0,0.0,8.830245,2.9066677,12.000914,0.88588583,0.2753025,4.036327,1.9811257,1.9139305,0.0,3.4070544,3.04108,0.0,6.237719,12.190772,3.3703983,6.4960566,2.072088,13.470017,1.8640972,1.8769304,10.584217,7.978805,0.6933894,5.2042646,5.411703,0.0,0.45414588,4.435141,7.2257667,0.34831962,9.893276,0.038746797,9.314691,5.5963726,6.082732,0.0,10.931244,0.9288771,6.862291,0.0,0.3539414,0.36848396,0.0,0.0,0.0,0.20668676,0.0,0.0,0.56842685,7.253036,0.192277,0.0,1.2710404,2.2077153,0.0,9.119413,1.5694282,3.3154342,0.23972604,0.0,0.0,0.0,2.5962973,8.820268,0.44570786,0.64821523,3.9535253,8.152989,0.0,1.3803809,0.051663347,0.47092065,3.4687796,0.0,7.620578,6.9492974,0.80279565,0.274493,0.0,0.0,0.0,0.0,5.5374784,6.1479287,9.918897,0.10842783,0.0,11.009036,7.560625,1.5210185,6.4687805,10.485058,0.0,8.7253275,7.772803,5.846345,10.547351,8.00855,3.4210248,2.1291962,0.18089786,0.0,0.0,7.4532623,0.0,5.1222897,3.1812758,0.9216082,2.8017561,0.34877956,4.439899,5.488066,0.0,3.7674658,10.082232,2.433041,0.0,5.8135853,14.596727,0.0,1.257281,0.0,0.0,0.4484211,6.7919683,1.493242,0.0,0.0,6.1094947,9.545622,7.6404047,9.21302,6.2273226,1.4479955,0.0,2.856165,0.0,2.9933715,6.202468,4.3788567,3.3381188,0.0,2.4170005,2.7180603,5.806286
A1/2/3ulhf,5.142223,3.2559147,1.4731137,7.9186134,1.8191102,10.261818,0.0,1.5262688,0.0,2.53186,4.468569,0.0,1.2318265,2.2071893,10.348877,5.8858347,0.311772,7.4752746,0.0,0.52595055,0.011811805,5.686534,10.80826,2.1701813,9.7691145,3.620629,6.674698,2.3085651,3.0294898,0.0,9.887459,7.5438323,0.4156356,4.182814,0.0,10.068216,6.1791773,7.597472,6.0997443,2.4043055,1.7572832,3.1413002,5.909577,0.042539526,3.0438402,3.4091828,3.5040011,0.0,0.0,2.8078873,3.4007337,3.1918802,13.921309,7.2174807,1.9051257,2.4628005,0.0,2.385723,4.874592,4.3742266,6.4500523,8.491313,0.24413076,6.1312633,5.705844,2.0071063,1.2882361,0.96076024,0.21741599,5.4972463,4.686124,2.9554987,6.0173144,3.350563,4.713088,3.6307006,1.0480556,0.0,3.6070654,2.8854027,0.0,5.666568,1.0899055,6.130579,2.5867302,5.9511065,5.4333005,1.3944751,4.7441835,4.4869857,5.183945,0.0,4.101208,2.3085203,1.465765,4.5543127,3.6096132,3.4922109,4.077746,1.1008443,0.0,4.2754154,1.3981644,0.0,0.0,3.5050437,0.0,9.08939,8.707242,1.2984248,3.1747568,7.4609976,3.2551472,2.8740642,3.0206623,0.0,9.392797,6.319575,4.5840173,3.847048,0.27939925,12.821135,4.0004086,0.42733124,7.2719126,5.8467183,7.297952,0.0,1.2852013,0.9840395,3.7175937,3.6405392,10.97052,6.6480145,3.0501106,0.0,2.0459993,6.8312645,1.1669006,0.0,1.2481992,1.4198222,0.0,8.166582,3.54964,0.0,1.7705139,0.0,3.6573994,6.381889,1.8963699,3.6269212,4.7213197,4.7049093,0.0,6.5033927,6.9268208,1.0952971,3.2224343,8.587054,10.4288025,0.038971372,2.6848817,0.9180821,0.8122034,6.568959,0.0,0.0,0.0,2.9520602,3.4531813,0.0,2.575958,9.072389,0.63097686,2.7249963,0.956201,4.8531237,3.953344,1.4294791,3.2498372,6.4406967,0.0,3.4015486,5.566362,1.99802,0.120196,1.997409,1.9046288,0.0,4.637065,4.444978,0.0,4.04325,3.6985312,8.113127,0.0,8.408418,7.70939,0.0,0.11577668,1.270216,2.6759934,0.0,3.8678577,2.0255053,2.3581257,3.634014,6.299439,3.878188,5.8336725,0.0,4.4634337,2.4516318,6.156617,0.0,2.9711952,0.0,4.7134714,3.0536125,1.7249523,1.2394456,7.9345403,1.0484427,2.4274786,2.1826906,0.0,4.540267,2.5079823,0.0,0.0,1.4608189,3.4263852,0.81365854,6.5538726,2.7506063,3.0167122,1.6898614,1.0787816,11.022656,7.5309362,0.6811722,0.44207162,1.5610626,6.781653,0.0,2.2948406,2.3678339,0.0,3.412225,0.0,3.4545312,3.6844184,5.9378853,2.4676313,1.5508175,0.0,1.7756784,4.7161336,0.0,1.8071767,2.7757213,8.586332,4.8524675,2.8248062,0.0,9.5690155,1.8336369,7.975871,5.1715336,9.170602,4.5667543,2.2930694,1.169671,4.3918023,1.9094634,3.2657127,11.837642,7.108421,2.4028986,8.041526,3.8956108,9.3652115,5.6569386,0.8729898,0.7998013,0.7201949,3.8317244,5.3277802,0.36046436,0.0,2.602066,9.772494,8.197776,4.745843,6.3643265,0.15891486,3.443671,1.5691352,3.665203,0.33087897,0.0,6.9239726,8.662509,1.9575953,8.150946,3.2154655,2.0209236,0.5885056,0.0,5.884304,4.3228674,9.129803,1.4045482,4.4059687,0.0,4.8849325,4.6166935,13.030154,0.0,0.0,4.3936687,10.417862,6.2305846,3.5552135,7.4460073,0.0,2.590492,0.07510986,0.87948775,2.5825434,6.7727323,0.6918017,5.414592,0.0,4.2543106,5.140548,1.2743737,2.150457,0.0,2.8004034,2.2664285,0.76308054,0.0,0.54604614,3.9064832,3.220653,0.0,5.63422,4.9635444,6.555184,6.6168866,4.7633305,4.767478,0.15407008,7.1641703,6.6181707,7.340644,1.0028387,0.5395398,4.4829593,0.61747813,0.57098085,1.6016989,4.025483,2.2375705,0.0,5.5803447,8.548583,2.1805425,5.937659,3.8871703,8.349384,0.0,2.5821536,10.050153,5.2327676,7.574711,4.7734733,5.4691596,3.5797198,0.6732444,2.3267941,5.7286773,0.0,12.185146,2.5475676,6.318107,7.933335,7.0151243,2.7518814,5.499578,6.780668,7.2098317,0.0,1.8667098,3.0623329,3.686555,5.542778,0.0,1.6938281,0.0,0.0,5.936013,4.576948,3.1028771,0.0,6.737087,5.7964177,1.3083657,3.579786,2.7978332,0.0,0.40118745,2.041607,3.72439,1.862067,2.406929,4.673961,3.4265795,1.1366798,0.0,6.5361104,0.0,4.2782226,7.3297157,6.866321,0.0,4.1794176,11.091391,3.440917,2.870182,6.058117,2.9097555,0.0,0.0,0.0,3.3836994,9.525158,8.903165,0.101169415,0.0,12.234852,11.326749,7.2359076,2.636674,4.988709,0.0,14.1081085,3.9609048,4.255155,9.915499,8.512386,3.3446927,3.4103026,0.0,3.8130324,0.0,0.24432942,2.1733842,8.617248,5.3037195,2.1507888,0.5830977,1.857642,5.6097465,1.3164722,0.0,0.2766388,5.7752595,4.2304883,0.41473448,7.886,9.491582,0.0,2.0905678,1.4862508,3.259252,3.2288392,8.460029,6.152654,2.4702787,3.261564,9.239089,8.054035,3.0705066,4.22493,7.0902443,4.507432,0.8909472,0.21377015,0.07508386,0.4456,0.72099566,7.271162,5.9621553,0.0,8.08835,5.4696865,0.7479226
A1/2/3tonIa,2.4043334,0.55413485,2.6666548,2.018439,0.0,3.1657157,0.0,2.0130215,0.0,0.72810423,1.7016329,1.254728,0.46912166,2.1072273,3.514314,1.3656118,1.3514551,4.602303,0.0,0.0,0.65523046,0.99917865,5.4396305,1.5665789,4.804264,2.7772868,2.031006,1.1638057,4.5028977,0.8075929,4.4328756,2.0773456,1.2822504,3.4227614,0.5197336,5.3665156,2.1112773,3.3705156,2.4499245,2.9313557,1.3295704,0.8689431,3.4725387,1.8460764,0.28404194,2.5878804,2.5264559,0.0,0.045785334,1.9125698,2.6031353,2.2464342,6.1670065,2.3607507,1.1124625,0.49906397,0.0,1.8620253,1.5679579,0.0,3.031537,2.9605136,1.1511253,4.230746,2.4544635,0.7446369,1.966468,1.6775888,0.39905635,2.3788881,3.3839989,1.9151328,3.2373648,3.242546,3.500448,1.4633821,0.58058405,2.178397,2.779922,0.80457515,0.0,1.8324463,2.9719882,4.1549644,0.6402259,2.6542032,2.6982741,0.36664638,1.9793302,3.1055462,1.2989265,0.0,0.51221687,1.9985201,0.0,2.810876,1.9124581,2.6011896,2.3706212,0.0,0.0,3.8919134,0.94259244,0.0,0.29662204,2.2475646,0.8658866,3.1654375,3.7025595,0.698232,2.4382448,3.4073732,2.8861427,1.8605728,2.15805,0.0,5.3608475,3.7361338,4.9975276,1.3791075,1.2112874,4.304729,2.8605523,0.74055344,3.492551,2.2733514,4.6308346,0.34368026,0.43479145,0.96347165,1.5895649,1.346744,3.2073634,1.6816647,2.5074842,0.6734723,1.3285125,3.463318,0.0,0.0,2.690284,1.9318249,0.0,2.4994316,2.3136685,0.0,0.9862893,0.98792535,0.3215314,2.81801,2.0434618,2.9725356,1.0823827,0.64764935,0.0,2.558645,0.34115112,0.0,1.0218525,2.394636,5.9582667,0.6242189,0.0,0.45486918,0.0,3.4415457,0.67815304,1.1127293,0.0,0.96362484,1.1062422,0.1398982,1.5232768,3.5551088,0.28254783,1.8755982,0.77624005,3.6559665,0.70720166,0.22935236,2.9816396,2.572042,0.0,3.0017827,2.373167,0.0,1.6637381,2.2801366,2.8687565,0.32042265,1.6985269,0.0,0.0,2.3461306,1.0983285,2.4557478,0.0,5.1529627,3.9663775,0.77449995,0.5800831,2.0608635,1.4397644,1.2148036,0.3730641,1.3647828,0.06268981,1.1855651,2.4464772,3.3656917,3.1569417,0.0,2.3813062,1.2636789,4.260791,0.4787852,0.3261218,0.0,1.8032415,1.0035517,2.5224204,1.1817231,3.3753204,0.9036253,1.6687043,1.2087209,0.0,0.6838206,0.76325226,0.59364617,0.0,1.2494892,1.4495844,1.9766512,2.5028207,2.773807,2.6179457,1.4279164,0.0,4.463537,3.6029897,0.17069726,1.2036419,0.0,2.0152566,0.20900702,0.54706216,0.5158378,0.0,2.9127522,1.239372,4.0601506,1.092946,2.343293,2.4467962,0.4132275,0.0,2.9002123,2.3950245,1.3561573,0.74284446,0.0,4.2033362,1.7351131,2.147739,0.3634539,4.1801558,1.6611038,1.7381022,3.7771251,1.3812606,3.0012164,0.82896465,0.7385792,1.886251,1.0249896,1.0012197,6.297376,2.6621842,2.2444928,4.5696387,2.3638341,4.823102,2.9667776,1.0403792,0.13562943,0.8765686,2.137279,2.3547266,0.07778814,1.5844833,0.7022852,3.4266655,3.9260104,1.0357616,4.373094,0.0,1.0245098,1.0891737,2.5588417,0.0,0.0,4.205933,3.086687,0.0,3.2044678,2.3307645,2.5786219,3.393604,0.0,0.97118956,3.0505695,6.7118325,1.45883,5.325503,0.0,2.4150996,3.3790987,5.4939604,0.0,0.0,2.791699,5.890455,3.4860659,1.7308685,2.8514314,0.0,1.1198298,1.0007637,1.3729583,1.903541,1.7858876,1.8745408,3.1405222,0.0,2.106663,2.585536,0.0,1.7569411,0.97074026,1.242828,1.6884543,0.0,0.22333805,0.19342485,2.255104,3.4362876,0.0,2.5360794,2.4010699,3.395466,2.666949,0.25049335,2.9051263,0.0,3.2440035,2.21647,4.2110596,2.3905458,1.6183324,3.2841792,2.2920544,0.8217686,0.39572823,0.8225443,0.0,0.0,1.8006643,4.714195,2.3523061,2.9646206,3.0860007,4.277796,0.0,2.5133023,4.9908047,1.2052349,3.650602,2.8436556,2.060268,1.7367104,0.48971686,1.2498038,2.5522404,0.0,6.0406613,0.4625233,3.5485256,5.2245317,0.47174174,1.4220335,0.617553,4.3642335,2.976879,0.0,1.6028565,1.6474258,2.95716,2.5502512,0.0,2.1337545,0.15840556,0.0,3.7482255,3.321727,1.721697,0.45011368,5.5527678,1.0970201,0.6125558,2.544716,2.9887564,0.0,2.282545,2.4603412,0.98748505,0.8882438,0.0,3.037331,2.4911675,0.20479424,0.4337917,3.358109,0.13829629,4.1082144,3.8562734,1.4141767,0.12818182,3.5953822,6.019448,1.3710184,1.7784896,2.2847197,3.4116633,0.0,0.0,0.0,1.9308251,2.3712552,2.6848855,0.38053614,0.0,5.156117,3.683158,4.028622,2.8146093,3.6359253,0.0,6.0101585,2.7611187,2.1878316,2.9383533,3.4558218,0.6256163,2.5693874,0.32288554,2.849613,0.0,1.9273316,0.85473883,3.402966,3.8505807,1.227463,1.5126249,2.6469321,3.2405345,0.44181412,0.0,1.5950061,3.5619495,2.265462,1.806288,2.803179,3.1909404,0.0,0.55234605,0.06639967,4.2662344,2.5768323,4.1662517,3.297691,1.0923977,0.0,3.2701502,4.9174967,3.0260828,3.4217672,4.7529125,2.8220193,2.1009283,0.0,0.8322141,0.0,0.0,2.7363596,2.3945208,0.0,5.284875,1.9104133,2.8792837
A2,1.4999417,1.3177459,0.0,4.778855,0.4577244,7.9580255,0.0,0.0,0.0,0.43780142,2.0645084,0.0,2.418132,6.9946184,7.7253203,6.598073,1.2480787,7.9078298,0.0,1.084353,0.23960622,4.3878574,10.57391,0.0,10.330733,2.8026817,5.284625,2.2584212,2.3762362,0.25481725,9.115928,7.3848367,3.5177827,2.2905965,0.46184626,8.611996,4.6424036,6.5546756,3.3183224,4.4544334,1.4961125,5.408715,6.5167446,0.0,1.8065171,2.7309396,1.808607,0.0,0.0,3.3414237,3.6153567,0.9031707,9.398983,7.0789733,3.1380646,0.27729645,0.0,3.5049093,2.8919594,3.5994208,8.026912,7.824193,2.0373073,7.480428,5.483294,2.7612479,0.35752833,1.7294505,0.19957632,2.5242927,5.5562644,4.001034,6.3496895,2.091986,1.8499347,3.144158,4.7010784,1.376855,2.3111107,2.0966296,0.0,4.5299683,1.4593748,3.6210487,1.5584272,4.71033,3.9708638,2.1598346,5.5237436,5.509708,4.4520097,0.0,3.4169962,2.4918897,0.5468098,3.8956134,3.312344,4.186742,2.780707,0.0,0.0,1.726641,3.7415943,3.5207243,1.0416383,3.0522876,0.7078783,5.3400874,4.6213446,0.0,0.9704348,4.9051113,0.59899354,0.7312567,5.107568,0.059815913,10.95868,3.8876336,2.7764401,3.8918202,0.0,13.727295,3.4794867,3.9052773,3.756182,3.836592,4.893404,0.0,1.5499114,0.65228736,4.9867086,0.3789276,8.307142,6.4601564,3.471629,0.6597781,2.5586164,4.5708814,0.4047153,0.0,0.6631655,1.5267444,0.0,7.4194217,1.0289892,0.0,0.20850314,0.0,5.6929927,4.4196978,0.5708992,2.730793,5.8500724,6.0341554,0.0,7.769343,6.8715997,0.02321145,4.1422796,5.6494775,8.439702,0.0,5.2305984,1.8082131,2.4272351,5.617919,0.5273165,0.5711564,0.0,3.1614795,2.3716369,0.009291134,3.82171,5.2336736,2.4735146,4.9438033,0.0,2.728329,4.799077,5.0958757,3.415238,5.002263,0.0,2.206567,6.1276054,1.580401,0.0,3.8392377,0.9194682,0.0,2.9271405,5.27803,0.0,1.5504341,3.6456027,7.647791,0.6087424,6.698152,7.83552,0.43105918,0.080936186,2.3716896,1.8742752,2.7906265,4.1105447,0.4597212,1.6679524,2.1910756,4.334215,5.8086987,5.258799,0.121863715,4.7969155,3.6064932,6.063765,0.0,6.3511095,0.0,1.6053373,5.3225217,1.4178998,2.3678882,7.0279055,1.4291152,1.145757,0.0,0.0,3.0392563,3.362467,0.0,0.0,1.837741,2.2852216,0.0,3.999787,2.6046004,1.77164,0.41524065,0.89783007,8.288767,4.5334654,1.7437403,2.5644298,0.16444895,4.8508973,0.0,2.2073958,1.401451,0.0,4.734653,0.0,2.8460784,3.7831519,5.201642,2.4390774,3.1212804,0.0,1.4217339,3.4972992,0.0,2.8195243,0.4670997,8.588131,1.9107223,2.495441,0.0,8.491224,1.2503033,6.825198,3.1272097,6.3753223,4.4247627,4.5538273,2.3351185,5.76726,3.463685,2.7700667,8.458877,5.5019307,1.1179351,6.700514,3.9419997,8.100188,4.3359,1.0349289,0.0,2.1275198,1.3864992,4.9953237,0.0,1.368495,1.1812204,4.695375,5.379664,3.9041617,3.5423584,1.7233949,2.7810605,5.2438674,4.8060303,1.2845376,0.0,3.2402194,5.6536236,0.8905804,7.9500732,1.7263297,0.9996641,0.5532039,0.0,5.1194305,2.9742138,6.4059386,2.6627645,5.684916,0.127085,4.4944234,2.3126237,8.156678,0.0,0.0,4.7803206,7.5389967,4.522943,3.2516856,7.7413983,0.29432684,2.7308748,3.3478086,1.0688821,3.2637184,4.579643,2.8499928,4.746103,0.0,1.9473652,0.9145088,1.7015989,1.4498582,1.1320548,2.2319696,1.2970197,2.8363125,1.0233667,3.137404,3.5255146,3.5090322,0.0,2.7901464,1.8286536,5.2212214,3.7426085,3.3463943,4.0776734,0.6907221,7.387153,1.95154,5.5825844,4.64232,0.53651196,4.1671214,3.6319997,2.8685555,0.025975123,4.556204,3.8288963,1.695349,3.3751428,7.079917,0.89253026,3.5896072,4.2949452,6.317339,1.5270336,3.3048987,11.547451,6.249434,3.7613947,4.9175773,4.353792,4.1563644,0.71428055,0.94096583,5.5445046,1.6115894,7.9964595,4.328239,5.0790896,3.8248644,6.463566,2.4859242,2.7968872,2.4540644,5.2976127,0.0,2.541811,3.8595734,7.6869535,5.3957853,0.5167389,0.0,2.0180357,0.0,3.4423263,6.4848027,2.7816012,0.0,5.4143467,4.022567,0.49644148,2.4495866,2.2391863,0.0,1.2854882,0.9724524,0.8674085,4.304798,0.7325793,3.974657,0.0,2.1594296,0.09536969,2.364251,0.0,3.7240725,7.6780586,7.9970765,0.0,2.5035863,8.000055,2.1710608,3.7908082,4.271601,3.2822728,1.8221716,0.0,0.0,3.3438818,6.7945204,7.4432163,2.07665,0.0,8.343861,9.9057255,3.2778196,3.9544916,4.5504203,0.0,10.668559,4.0338,1.8638835,7.7575164,4.039137,1.5534188,0.8863334,0.0,6.30835,0.0,1.8938444,2.615242,4.316617,4.0059586,3.6713061,1.4587563,0.0,2.2700582,0.0,0.0,2.3382983,6.7972236,1.9356843,0.0,7.1987133,6.5155993,0.0,0.10506359,0.25325242,5.335259,3.0397139,8.213492,4.9939823,1.4172379,0.0,3.6874228,7.3804646,1.4155035,2.3523483,6.427788,3.323488,1.9860479,1.7230867,1.3919646,0.0,3.1806328,3.558709,5.7328577,0.8476766,7.6948605,2.3390126,4.5844803
A1/2/3tru,5.7293906,2.8222773,0.0,6.7694225,1.5050684,9.957629,0.0,2.4538763,0.5397065,3.311161,2.0739164,1.1857872,1.4393014,4.4029727,9.01651,9.226295,0.0,9.088775,0.0,0.0,0.45905882,4.6572137,13.070133,1.5619751,10.861317,3.0412242,8.155722,0.31040156,2.827135,0.41422617,8.852543,7.103852,0.4495406,2.812936,0.8116552,8.487416,3.446396,4.617556,4.6453056,4.3536243,2.5349822,4.1957617,5.795624,0.0,2.9303942,0.4464494,3.4945598,0.0,0.0,1.7117152,2.660589,1.6843494,13.217866,6.475729,3.851927,0.3044952,0.0,1.4926927,3.3385746,4.072322,7.3322067,7.769208,0.0,8.367831,6.291019,2.0438883,3.3727927,1.5934428,1.1136951,1.9072664,3.5192041,2.2026162,6.1668606,0.3592214,2.050721,2.2410603,0.728195,0.40327734,1.9231756,1.2494916,0.0,4.924424,0.5606403,4.9941688,2.5778813,6.454226,6.880241,0.3529431,7.8990855,3.7600098,3.9199235,0.0,2.6880753,4.696272,2.934426,6.2924776,1.8617159,3.4758825,5.0431886,0.7414396,0.0,5.8315616,3.2575023,2.7575634,0.71631026,3.6874511,0.8193992,9.986927,6.4489307,4.378371,0.9158386,7.4871726,4.0682683,3.5984066,4.7444897,0.21855286,12.169705,6.441932,1.6454691,4.2066693,0.6817959,14.02392,4.5599675,0.90804124,4.80396,6.705804,6.8044624,0.0,1.2123038,2.329864,4.8665657,1.3566595,10.584318,7.5152354,0.88652986,0.0,3.2649794,4.5052032,2.37808,0.6896077,1.085748,3.6767862,0.0,7.2099495,2.325353,0.0,3.4102342,0.6634392,4.444586,3.6970315,0.19497472,2.9492621,3.6114388,6.933197,0.0,7.596557,6.3675222,2.2022412,1.7333767,8.075946,9.603564,0.0,4.073662,2.920686,2.596754,6.4527617,0.0,0.0,0.0,3.756661,3.4443994,0.0,1.3192732,9.617527,1.9079449,2.2362976,0.0,4.638771,4.3744535,2.931327,3.6455119,6.393803,0.0,0.0,7.2919703,0.0,0.0,1.8680438,3.426007,0.0,4.856678,4.8245225,0.0,1.5983791,2.8855395,5.9902935,0.0,8.622433,6.54915,0.0,2.0777233,1.3010336,3.1328409,2.097206,2.576177,0.80128765,1.1796277,6.5297823,4.5317125,4.806239,4.397011,0.0,6.3502955,4.3226438,6.8513994,0.0,1.7288482,0.0,5.190743,3.5103385,1.1436052,0.0,7.9531903,0.0,1.801666,2.2652016,0.0,5.8246193,2.0227814,0.0,0.0,2.6576433,4.943804,0.16657619,4.7029414,1.3669535,1.221335,0.0,2.1893177,10.888936,8.171971,3.6047108,0.44428736,4.12667,5.580891,0.0,1.3685927,2.4983144,0.0,3.15439,0.0,6.0822864,4.1381984,5.292049,5.000566,0.0,0.0,1.8096303,5.4217834,0.0,3.58495,5.102108,7.7543244,4.528626,0.4152462,0.0,6.737896,0.90736765,8.61912,6.447501,10.064305,5.524884,2.5162575,2.2439291,2.7657063,4.408909,2.1579213,9.728969,6.124742,5.44801,8.380703,3.9106026,9.70151,4.2657833,2.4789894,0.0,0.0,1.6959149,3.0353243,0.054196857,2.1967382,4.1972847,8.599854,7.4285107,4.819791,7.037195,0.0,4.267628,1.9492315,4.0828896,1.0422827,0.0,6.6979136,8.848857,0.8687615,8.713149,2.3105233,1.4918644,1.0615036,0.0,5.648561,4.1687937,8.568489,0.4061287,2.536492,0.0,7.4906735,4.883233,12.8618,0.0,0.0,1.2153219,7.71273,6.627925,3.3414907,9.510173,0.0,0.061878018,2.266361,0.27756608,1.7632961,4.4892416,2.010405,5.587684,0.0,4.6007614,3.6771376,3.0851576,3.2497737,0.0,3.1695647,2.9858518,2.0297992,0.13426773,0.0,6.259386,5.2077355,0.0,5.279922,5.318075,4.456371,6.111422,4.7386384,3.115739,0.44144148,8.08531,2.5060496,9.137584,2.4073994,0.5796439,4.753062,3.2511559,3.0202985,2.0054054,5.3274364,2.7957137,0.0,4.0855627,8.834387,5.1270065,4.1911817,2.0031743,6.8463435,1.1707306,1.5287354,10.927753,5.927381,4.7779517,4.1086497,3.6090207,4.3419495,0.6647348,4.492533,5.41909,0.0,11.56188,2.8900826,6.2978206,5.9725785,7.6079445,2.188548,6.2770805,4.422199,6.1488776,0.0,1.9060277,1.7582397,4.972654,5.0891805,0.0,0.0,0.14244546,0.0,4.2419906,6.6328077,1.2672743,0.0,3.3016427,2.673659,1.9408225,3.9652627,2.173266,0.0,1.0850613,0.6837952,0.5970877,1.0637738,2.8902686,4.7786345,2.8265111,2.3292625,2.7418857,6.2707257,0.2521773,2.9288769,7.0962057,3.8910592,0.4656803,4.02293,11.134996,3.6476948,1.6668404,5.0315266,3.241394,0.0,0.0,0.0,3.8205392,8.090771,7.6661873,2.4561436,0.0,11.516069,9.882621,3.482607,3.031666,6.0019307,0.0,12.401468,3.488275,3.259415,10.779735,9.205438,4.5741997,1.5577384,0.0,3.0277429,0.0,1.463606,1.3160908,5.733529,3.6136894,1.0442064,2.1243386,2.2085838,4.7834454,3.6155014,0.0,3.3303497,5.5569463,0.80036885,0.0,5.288087,9.381836,0.0,1.9949504,0.13049367,2.82134,4.817139,8.238455,3.8767622,1.9233007,1.9205878,6.3208933,7.8180385,5.152324,6.1680484,7.1060696,4.3007927,0.0,3.077727,2.1329072,1.5813577,3.0838485,5.470378,4.31157,0.0,4.6914935,4.9815307,3.1613095
A7r,0.0,0.42601115,0.0,2.9775991,0.83314043,4.936465,0.0,0.0,0.578775,0.0,0.5297852,0.0,0.05222985,8.92775,5.033895,6.7453256,1.103064,6.093439,0.0,1.6649218,0.0,2.6278193,9.594982,0.0,10.566081,1.4969769,4.2552686,0.41419065,2.8956177,0.0,8.2179365,7.1972265,2.9274783,1.7258108,0.0,6.2758355,1.402307,6.0379066,2.2610135,4.1558194,0.0,4.782858,6.695736,0.0,1.4285462,3.7004642,0.5435621,0.0,0.0,3.3339398,3.1607344,0.0,5.8434644,4.733768,1.9851501,0.0,1.6391127,1.538668,0.44281012,4.0059137,7.642397,5.982703,2.1392705,8.699522,3.528578,2.0776336,0.0,2.770412,0.0,0.0,8.258599,2.8334107,6.513028,0.0,0.0,2.1014776,4.5231056,1.6415583,0.0,0.0,0.0,3.0423632,0.0,1.913681,0.048114546,4.0482197,2.151505,1.397232,6.1603026,5.8845916,2.2603683,0.0,2.071847,2.708291,1.0830195,4.1317153,2.1186562,4.437991,2.1710467,0.0,0.0,1.3697629,3.9827914,6.08592,0.0,1.8121372,2.029079,3.4244947,0.91822624,0.0,0.0,4.8391933,0.6297665,0.0,4.2510424,0.9295919,8.317984,1.8197104,2.2312002,1.9761765,0.653855,11.085689,2.141549,5.4524517,2.519957,0.3985575,3.6592846,0.0,3.2054753,0.025616487,3.340868,0.0,6.5700264,5.154571,1.5885447,1.9207114,3.409926,1.7973146,0.0,0.0,0.0,0.0,0.0,5.4067836,0.98582387,0.0,0.0,0.36583918,5.438873,2.7979755,0.6083816,1.1023189,2.5146868,4.51779,0.0,6.2474246,5.8361664,0.0,3.758781,5.9409347,6.104776,0.071776696,7.5741625,1.9926342,4.1406755,5.722767,1.9063821,0.80082506,0.0,1.4170042,2.9194684,0.0,1.7570298,4.281224,2.1489296,4.1155424,0.0,1.6570466,4.979664,5.7871428,2.9093366,4.441036,0.90388125,0.73754466,5.740923,2.673264,0.0,3.0525174,0.0,0.75944513,1.9235061,4.864568,0.0,0.39621854,3.9476004,4.4879723,2.8966658,5.7559185,5.938459,0.0,0.0,2.4301116,0.57344764,3.1094456,4.5072126,0.0,1.676603,1.4004558,4.53826,3.6786003,3.2121065,0.30679497,4.340603,2.8935938,4.762752,0.0,5.179654,0.0,1.648754,5.0191717,1.4356331,2.3536015,7.33596,0.0,0.0,0.0,0.7766141,0.50074714,2.744923,0.11107686,0.0,0.7889585,1.2519723,0.0,1.4164588,1.3437424,1.4419926,1.7050817,1.0663388,5.562583,4.2336364,1.4372733,3.794412,0.0,3.6039908,0.12285027,4.379277,1.7189007,0.0,7.098285,0.0,3.1928356,3.780474,5.9756727,1.8858213,1.6194602,0.0,2.534216,1.913123,0.0,3.458848,0.0,7.7996364,0.0,0.4794827,0.2523833,7.942081,1.2396352,5.913473,1.2972332,5.823801,3.4988632,3.7619433,2.4472919,4.288445,3.8670015,2.6305475,6.5109067,1.9237642,0.1724764,5.71846,5.094826,8.051173,2.916423,0.2035806,0.0,2.1009977,1.5692946,4.172639,0.41078869,3.1707354,2.0101411,3.1239095,3.6477413,2.1381512,0.0,1.2679985,3.226633,5.29555,5.1993694,0.046101227,0.0,1.4962358,2.1530373,0.0,7.7562857,0.0,0.58824104,0.0,0.67180747,4.8369017,0.12702139,3.9731343,1.8474617,4.1167197,1.3603829,4.2986245,2.8356168,5.07152,0.0,0.0,7.1097064,5.2673473,2.9669654,1.7459929,4.77898,0.79797864,1.8972,3.4456785,0.94676113,3.9454768,4.1966305,4.1348267,3.3222241,0.0,0.0,0.0,0.8208072,2.8805645,1.1683619,1.4789026,0.8978947,2.993317,0.21763371,2.6628606,1.7589904,2.751376,0.0,0.0,0.14722735,3.8171134,2.863518,3.1445997,4.7722983,0.71362513,7.138454,0.0,4.093624,3.934599,0.0,3.9188037,4.5958633,3.0956924,0.0,3.581772,5.6999865,2.7024138,0.8938978,5.8519716,1.1189353,2.2086494,3.7677815,4.293888,0.77102226,1.1693101,9.798206,5.9097385,1.8867668,3.4854698,4.133147,1.2495127,0.0,1.159933,5.620791,3.9585557,4.136914,5.553063,4.412016,2.1935823,6.102457,1.9155935,1.7261127,0.0,5.0815654,0.0,2.0179534,2.639481,9.355645,4.007354,0.8492161,0.0,3.4868553,0.0,3.883352,6.3312674,2.4566605,0.0,3.5854156,3.4587722,0.53384906,0.37300423,0.2136521,0.30712792,0.7576394,0.0,1.3670094,5.106809,0.0,4.860988,0.0,1.7098312,0.24769865,0.0,0.0,3.3706126,4.9536057,7.787388,0.0,1.1981264,5.3173547,0.8398625,2.4126194,3.6176817,1.0308845,3.8778946,0.0,0.0,3.612461,4.5827484,8.201529,4.3754773,0.0,4.084314,6.9576774,0.6882469,2.9352238,4.1019454,0.0,7.734317,3.4864326,0.0,4.8218923,2.3636224,0.6689029,0.0,0.0,6.753932,1.3260385,1.8291157,3.6400435,2.1055834,2.0680947,2.2909608,0.8393437,0.0,0.0,0.0,0.16868748,2.1117628,7.9243298,1.5533572,0.0,6.2966,5.153022,0.0,1.3313669,0.0,6.2075796,0.0,8.372702,2.9930847,0.87683237,0.0,0.36228707,5.179661,0.78504014,0.0,6.038574,3.1260173,1.8528026,2.2923636,0.9895475,0.0,4.4843297,3.7491095,2.6444044,0.5592027,6.9662757,2.3874598,4.0057364
A7c,0.0,2.8680036,0.0,4.2134075,0.6343435,5.0931463,0.0,0.0,0.55639756,1.4938635,0.16092761,0.106958374,0.3544753,6.1693954,6.532499,7.359675,1.7171308,6.8525867,0.0,0.5151301,0.0,2.425948,7.622712,0.0,8.434832,2.0837877,4.728297,0.46151066,1.8858275,0.0,8.756354,6.6730313,3.768569,1.7123784,0.0,7.7068524,1.4726529,7.3625293,3.121038,5.935856,0.12513927,3.8200305,7.843789,0.0,0.0,4.7971516,2.508113,0.0,0.0,2.2701313,5.5409303,0.6977068,7.4554586,5.345727,4.7599764,0.0,1.9327487,0.81863606,4.3134384,5.1653576,4.915601,9.448756,2.6398144,5.798597,5.6136146,1.2897387,1.6713538,3.061563,0.13705832,0.0,9.663128,2.0435152,6.358052,1.0392689,0.5194862,2.760168,4.487313,1.822945,1.9371642,1.7719883,0.0,5.5982404,1.6238614,2.403331,0.0,4.1105013,1.4389648,2.8390117,6.4305525,5.9634404,0.32351443,0.0,0.52132106,3.1047626,2.297105,5.832204,3.512994,5.3615904,0.63987595,1.1622034,0.0,1.4599872,2.8018184,5.2036,1.0681986,2.1934125,1.3700358,3.7974286,2.7154489,0.0,0.0,4.09918,1.3175733,0.40930206,4.742369,2.0736015,8.476271,2.2913597,1.8796711,3.9527204,1.3286558,9.855073,0.0,4.343087,5.6450186,1.2123946,2.3450053,1.9793066,4.435868,0.0,0.69705003,0.43853855,5.973114,4.105635,3.8673565,0.2219975,2.6769097,1.0566497,0.0,0.0,0.0,1.2895455,0.0,9.03606,1.4985888,0.0,0.0,1.3478698,6.307417,3.8414536,1.1579598,2.8311825,1.5630153,2.7638476,0.0,5.388967,6.9213104,1.5665973,0.88121796,3.4970484,6.545262,0.0,5.529587,0.6983935,1.9056793,3.4824114,2.4744875,0.8990932,0.0,0.91026115,3.574284,0.0,5.563428,1.9451429,2.014619,4.3892484,0.0,2.6165152,2.89646,3.5970654,5.623722,3.7647164,0.0,1.0612519,7.2736483,0.0,0.0,2.4610894,0.0,0.0,0.94065696,3.066686,0.0,1.7717987,2.3543048,7.325227,1.6798048,9.263639,9.190221,0.23456901,1.6688024,4.231419,1.9232088,3.0980961,5.4580855,0.0,2.3604534,3.4418275,2.2188003,5.175329,4.329416,1.2092757,7.1158166,5.031041,4.2184086,0.0,5.0383806,0.0,2.0432513,3.0293539,2.1856256,3.0913725,4.5310063,1.5782491,0.0,0.60524917,0.0,0.7468119,0.52846456,0.0,0.0,1.070389,2.1803045,0.3649457,0.0,2.0953245,2.9793198,1.2799602,0.5280798,9.114743,5.479242,2.6213076,4.2883177,0.0,1.6901827,0.46786496,2.9520164,1.5648167,0.0,6.847857,1.1374363,4.440381,3.7003224,7.250036,1.7525609,0.9728444,0.0,1.9864353,2.32811,0.0,3.9909158,0.0,9.400554,0.0,1.4361353,1.0562181,7.6845393,1.0162563,5.380955,2.1638575,5.293035,5.348865,1.0480947,4.117346,2.447791,1.8634994,1.8536003,6.933039,4.538199,0.38009405,2.722491,4.6176143,7.33077,2.3431652,3.690767,0.0,3.1478608,0.0,2.9553347,0.4453831,4.1707163,1.3718855,4.526592,6.237917,1.6047795,0.0,0.63738984,3.9076161,5.6659255,4.7183285,0.0,0.0,3.492259,5.025049,1.8165152,10.030798,0.0,2.8522167,2.1179059,0.0,4.0039296,0.58477265,5.4412065,1.4715477,4.6341896,0.0,3.9212704,1.0622104,3.990192,0.0,0.0,4.846394,5.3250537,3.8405764,6.5852294,7.4046855,0.0,2.1784158,1.7897488,1.632332,2.864533,2.0758407,4.1678443,3.0078778,0.0,0.0,1.2462429,0.7195833,2.4458854,0.0,1.3929905,1.3176565,1.3294189,0.0,2.8105767,0.9877026,3.2142663,0.0,1.234143,0.0,2.797187,2.4724603,2.222014,5.6515937,2.68254,7.2432246,1.453708,4.662557,4.3156,1.0522019,2.2323346,5.7012553,3.4037917,3.736136,5.7328277,4.392288,1.0836142,2.2207036,4.4051867,2.174689,0.57665086,3.8692658,2.7705512,0.0,2.915608,8.841984,4.2033353,3.0441658,1.2819406,1.711343,5.70816,0.0,1.6035266,4.575504,3.3923573,7.7898936,5.7700524,3.232288,3.627031,6.6164327,3.828197,0.052732103,1.5980217,5.29025,0.0,2.5136042,1.9068098,10.824729,8.20505,3.401144,0.27210805,4.618586,0.0,6.2074156,6.395578,2.7930868,0.0,6.5685043,4.102551,2.022317,0.0,0.4534535,0.0,2.3265038,0.9454626,3.9963539,7.6986375,1.5098186,4.382583,0.5428357,3.9418137,0.52299523,0.11119576,0.011241723,3.5890737,8.599986,7.08946,0.0,4.048973,7.729894,0.0,3.7724931,6.0325813,4.7783885,4.9385796,0.56626576,0.0,3.5005276,5.202516,6.4324265,4.532706,0.0,5.899964,9.322165,1.6622543,1.2074158,3.40782,0.0,8.817513,2.6596549,0.0,5.1844254,2.1854491,2.8823833,1.2730691,0.0,7.488948,0.0,0.0,6.6330514,1.9966247,3.2833881,4.5608697,0.0,0.0,1.8479116,0.2550254,0.0,4.72132,5.8462014,1.8135911,0.064846724,5.920681,5.5368023,0.0,0.7575243,0.0,7.9428945,2.6508884,7.165541,2.5023475,1.9836323,2.0462358,2.7308779,3.7275324,0.0,1.2692218,6.733894,2.3889058,1.4640802,2.7118564,2.0697994,0.0,2.6139207,3.761594,2.3306003,2.8032956,8.333504,4.413808,2.5429108
A5l,0.72375596,0.25860935,0.0,1.8081299,0.689486,4.239897,0.113491,0.0,1.0105819,0.0,0.0,0.56969,0.44966996,8.826754,4.144318,5.8532996,2.2451653,5.6114945,0.84999144,1.6665272,1.1142467,0.69277,6.4278207,0.0,8.814018,2.2371671,5.1563153,1.0470736,3.4335632,0.0,7.973538,6.998522,3.5547452,0.0,0.9163862,5.127764,2.1316714,5.3730354,0.66284084,6.8920603,1.1952935,4.8073726,5.8262005,0.0,0.7462177,2.9889874,1.0447458,0.0,0.0,4.2192006,6.0809913,0.076032996,4.3361897,5.397606,2.6771424,0.0,2.4311543,3.8588178,0.6650095,3.2774146,7.925303,4.9098506,4.421549,6.988686,3.2396991,3.7899108,0.96634483,2.2886968,0.51141745,0.09646046,6.7565384,3.33042,6.4589105,1.7301297,0.0,2.5991602,5.929515,2.8329508,0.74628955,2.5289314,0.0,2.2669291,0.13330893,3.2231948,0.08356918,1.9990282,1.9046781,1.0444274,5.5955005,5.4512506,1.4344146,0.0,1.2474672,2.6661234,0.24561618,2.4181597,3.931582,4.2175922,0.67849404,1.1911129,0.0,2.5939198,4.115356,6.171156,0.19369654,2.7599323,3.5417771,2.0871708,0.0,0.24843483,0.75305104,3.518945,0.0,0.0,3.166524,1.3061805,10.34578,1.1571732,4.4171796,2.465683,1.5122145,11.12736,1.8760036,6.817841,2.219866,1.6313956,4.0698767,0.0,2.4769971,0.0,4.274827,0.0,5.5382643,3.928517,3.1466782,2.0633566,2.6696281,1.5025203,0.0,0.14269823,2.2741978,1.0966222,0.0,6.248374,0.6116941,0.0,1.0296558,1.4332112,5.346911,1.7311419,1.1503844,1.8886305,4.863649,3.9386368,0.0,6.2083893,6.151664,0.27654013,4.3012967,3.45524,4.626983,0.0,7.5724764,3.1362803,2.418449,4.2925353,2.0972676,0.8403665,0.0417048,1.9427935,1.9864441,0.0,2.93407,3.691537,4.084001,5.6132717,0.0,1.0865977,3.7779686,5.489339,5.0782595,4.4179916,1.3593113,1.8538995,5.2298594,2.9442604,0.0,4.7888083,0.0,0.0012555281,1.1196477,3.433688,0.0,0.0,2.101295,4.70176,2.1696315,4.8475885,8.254099,0.014181264,1.0576309,4.7180986,0.39275816,3.9086592,4.244601,0.0,1.8100147,1.12392,2.9051824,5.146133,2.2774012,1.0737561,5.135812,4.9857845,4.944928,0.0,6.0442934,0.0,0.6507569,4.3737116,2.2864406,2.8344471,5.6812196,0.56018585,0.0,0.0,0.14142798,0.6489052,3.3257558,2.041184,0.5647005,1.1991922,2.030232,0.0,0.21368274,2.3528252,0.054814387,1.6322111,0.6661492,4.943904,3.028577,2.1183946,3.1862714,0.0,1.8544303,2.1271782,3.0022848,1.4327118,0.0,5.7031975,1.1185175,3.94457,2.8111598,5.4479103,1.803503,0.35286283,0.0,3.4744883,2.9030404,0.939773,4.546442,0.0,8.516145,0.0,1.0824628,1.257703,6.61213,1.0119469,5.9377966,0.7051338,3.5365553,2.946832,3.8236067,3.7150276,4.8060546,3.3208632,0.9870879,4.7208843,2.2688303,0.0,4.2536554,3.9825137,7.0895443,2.4323666,1.3533545,0.0,2.6904798,2.4864779,3.4234793,0.0,3.2008395,2.087783,2.8858702,4.1082625,1.7435944,1.3900408,1.6685447,1.9953932,5.8955574,4.790731,0.88654774,0.0,1.4103765,1.4732113,0.8069748,6.7271647,0.4079916,1.2199309,1.4597378,0.9422788,4.8375535,0.5138567,5.0826874,2.5618322,6.236441,2.276282,3.6303244,1.3115042,5.1145706,0.0,0.86028016,6.4638343,3.8801463,1.9255644,3.720936,3.2117083,2.1751013,3.2617266,3.8971248,1.3433436,3.7191596,3.0734494,2.9869032,4.37607,0.0,0.2094956,0.0,1.2831471,3.7626865,1.8257246,1.120529,1.0126511,3.4156063,1.3685211,3.8502138,1.3010938,1.9014215,0.0,0.1783747,1.0943565,3.4440475,2.0779338,3.4887202,2.7818305,1.1694437,7.037659,0.0,3.310637,6.267072,0.90590644,2.743358,6.146687,2.988304,0.0,3.7944918,4.2597303,3.277719,1.8601537,3.9898856,1.1751673,1.7917972,4.9491463,4.846271,0.6501397,2.3686743,7.686138,4.296581,0.8037556,4.139677,2.277534,2.7561853,1.1313696,0.749542,3.3203883,3.2041626,3.9296548,5.76926,3.3013873,0.92318493,4.001788,2.863228,1.7178979,0.0,4.1997313,0.21479197,2.94027,2.1465447,9.781808,4.3904414,1.444234,0.12022887,4.2920203,0.0,2.1543775,6.3949857,1.9268398,0.34367505,4.195036,2.3491962,0.77035505,2.0465844,1.0879257,0.65114516,0.7821582,1.3181127,0.3864204,5.4085517,0.47034886,4.8131495,0.09679071,1.3828495,0.8522645,0.0,0.0,3.4932508,6.5690155,7.019669,0.0,1.6611227,3.155052,0.21255389,4.368555,2.66937,2.7455318,4.4110804,1.5673785,0.0,3.598435,4.9282813,7.14401,4.318612,0.0,3.837813,6.04348,1.4522835,3.9858387,3.6112845,0.0,6.753806,2.45038,0.0,3.4556534,1.3958387,0.52196556,0.0,0.0,7.372079,1.2120903,2.684548,3.7686646,0.9903514,2.1086457,2.9564614,1.3444482,0.0,0.3179628,0.0016415073,0.0,4.5301027,6.3370776,0.5294917,0.0,3.7782097,5.166583,0.0,0.0,0.13248023,7.532531,2.1788735,7.0791354,4.115451,1.34644,0.0,0.5480229,5.379883,2.1286879,1.6091901,4.0920057,2.524296,2.9325397,3.4295688,2.297674,0.0,4.8676333,2.0994742,2.419983,1.2430037,6.3326993,1.3768497,5.363837
A7pc,1.1119126,1.5535855,0.0,2.3802097,1.0800253,4.6317954,0.0,1.8805102,1.2790487,0.0,0.0,0.0,2.2570493,7.243544,5.185152,4.8752832,0.7849118,4.6057167,0.0,1.6647891,0.0,2.9101684,7.6778655,0.0,8.302635,1.6360307,4.56137,0.073018655,1.3980767,0.0,7.1019936,5.8215823,1.96968,2.4907637,0.0,7.9151244,1.0298586,5.0842414,2.7451274,2.8210585,0.6595155,4.0585036,4.1253343,0.0,2.8338215,2.7138305,0.5412092,0.0,0.0,2.0189393,3.1556766,0.0,7.0492263,5.83976,2.3648906,0.0,1.305917,2.1572454,0.91410065,3.5328152,6.3485785,4.7649117,1.9814415,6.982803,3.663902,2.1926165,0.0,2.2186055,0.0,0.462515,5.9811134,2.456907,3.9998071,0.0,0.049956612,0.8192753,4.004197,1.20251,0.85804504,1.3956028,0.0,1.456182,0.055281203,3.4258103,0.42692137,3.4801643,1.944819,2.083974,4.772676,4.144198,2.81353,0.0,2.5857494,1.6573703,1.5543259,2.665151,0.91214246,2.718433,2.4409418,0.0,0.0,1.2478797,4.2050815,3.77833,0.0,1.51064,0.42336223,2.906451,2.2618508,0.0,0.0,4.2385645,0.064327195,0.0,3.8367636,1.5965558,7.008481,2.7647026,2.2840524,3.1341715,0.25031576,10.499226,1.56207,4.3343964,3.2310224,1.721343,3.7840316,0.0,3.492383,0.0,3.519958,0.0,6.098851,2.768214,1.8715878,0.33934736,2.3799672,2.042507,0.0905586,0.0,0.0,0.0,0.0,5.175972,1.282453,0.0,0.0,0.64860094,5.542739,2.8903058,0.0,2.542483,1.7838733,3.8926084,0.07875593,5.652558,5.7676115,0.34946975,2.5471983,4.5497417,6.12749,0.0,5.182206,1.4738839,3.4851072,4.7040405,1.9019835,0.53925246,0.0,0.0,3.5383544,0.4681679,3.4705017,5.098638,1.3254236,2.579311,0.0,0.8846864,3.4919224,3.4782155,2.51513,2.6675866,1.0129839,1.3467969,4.7848544,2.4184096,0.0,3.52299,0.98858577,0.0,2.1053348,5.232882,0.0,1.1776762,3.4245262,4.605115,1.8922174,4.752656,5.1168694,0.0,0.0,2.1225612,0.07682875,2.2935965,4.2045193,0.0,0.7130349,1.2347087,4.012263,2.4132633,2.7034748,0.37393704,2.9741137,2.1955273,4.67868,0.0,3.5610251,0.0,1.7502662,4.3261495,1.1767893,1.9078268,4.957563,1.5831269,0.0,0.0,0.029001784,0.0,3.5960727,0.0,0.0,0.39873245,0.5614392,0.0,2.1330206,2.1720648,2.1176968,1.0274378,0.17308454,5.4585094,2.3802438,0.6152172,2.855798,0.0,2.6769183,0.0,2.7205522,1.4011861,0.0,4.7804933,0.0,3.9165893,2.2532032,2.9521675,1.473127,0.058904674,0.0,1.2699338,1.939089,0.0,1.502485,0.038646437,7.4194,0.0,2.7308328,0.238114,7.662773,0.23826374,5.4337225,2.5812297,5.8025393,3.3240576,2.6192238,0.77491885,3.6615214,4.5142174,3.031345,5.9217343,0.9571499,0.8008351,5.6612253,2.5138586,8.146905,2.027432,0.0,0.0,1.1618507,3.3229485,3.6672237,1.2859592,3.0957518,0.97371614,3.9896765,4.207283,2.703836,0.71340334,0.02790737,0.9946334,3.9334023,4.798127,0.27676284,0.0,1.3307595,2.723892,0.0,7.158671,0.15988593,0.0,0.0,0.7639845,3.913942,0.47277302,5.2702737,2.01959,2.659405,0.6552041,3.2917514,3.0656254,6.485605,0.0,0.71959996,4.3380837,5.4841437,2.313869,2.7933073,4.132229,0.5726728,2.172052,2.8086984,0.8104357,3.3229148,2.6161294,2.0921087,3.3336248,0.0,0.29977247,0.8986531,1.4332749,1.9633898,0.0,0.0,0.0,1.5755537,0.8138333,3.6254148,2.6398242,2.30587,0.0,0.0,0.0,3.9698431,2.7875378,2.8957822,3.2338567,0.9502033,7.055781,0.0,3.895186,3.8711348,0.0,3.1219094,3.1766512,1.0701054,0.0,3.181108,5.6669784,0.59390515,1.2516248,4.8501015,3.4574192,1.4385234,3.3335783,4.920228,0.5423848,2.7110844,8.108007,4.321508,1.8480015,3.6941967,2.7439194,3.0197868,0.0,0.53133875,5.645101,2.024407,5.9495254,4.3021894,3.714069,4.55842,5.522662,2.7237928,1.5719109,0.21032156,3.487216,0.0,2.9114583,2.0341759,7.001896,3.1197863,0.43117097,0.0,3.1411393,0.0,3.8033578,4.48666,2.1864073,0.0,4.6849527,2.7161472,0.59735215,1.7413272,0.17465886,0.58100605,0.6575092,0.59397817,0.79550016,3.4976132,0.0,4.357986,0.0,0.4891903,0.6044593,0.0,0.0,3.830164,3.3085284,5.5196185,0.0,1.0435154,5.039996,0.0,2.3354244,2.7256455,1.2033293,2.1610014,0.0,0.0,2.927257,4.9395103,7.155001,2.584461,0.0,6.3154755,6.192052,0.79469585,4.375517,4.67434,0.0,7.614582,1.205757,0.0,5.058756,2.4449248,1.6681217,0.0,0.0,5.416849,0.9511847,1.2684871,3.0801136,2.4475455,1.8981824,2.135047,0.805037,0.0,1.0580188,0.0,0.0,3.419076,6.794318,1.1987133,0.0,5.709626,5.7095213,0.0,1.0060083,0.0,4.889195,1.4123898,6.373607,2.7751338,1.122943,0.0,1.3792771,4.722664,1.1754413,0.20676076,5.084097,1.7174221,2.2464473,1.7737651,0.038737662,0.0,1.9753591,3.3133872,2.2858627,0.93346757,6.103612,3.6174965,2.7784455
A7ip,0.99333525,1.2301509,0.0,4.7717423,0.9960518,7.035115,0.0,0.0,0.89144605,0.013168149,0.0,0.0,0.46303597,8.938105,6.61575,7.346534,0.43578145,6.9199257,0.0,1.7495825,0.18267639,4.149594,11.060024,0.0,11.603964,1.0248251,6.0172396,1.5461131,1.8568988,0.0,9.123171,8.850849,4.2085366,1.1089473,0.0,7.213444,3.1929421,6.649196,3.9495528,6.7994127,0.15549114,5.52005,8.000097,0.0,2.7377772,4.119141,2.3655763,0.0,0.0,3.1837008,3.6877496,0.8893386,7.300344,5.0332026,2.5890563,0.0,0.6645075,2.364598,2.2418697,5.673009,9.507961,8.880669,3.265556,8.6049595,5.6480126,3.0718477,0.0,1.5080925,0.0,0.0,8.369075,4.13864,6.913447,0.0,0.13812701,2.3428152,5.7727304,0.41710025,0.46320876,1.9213707,0.0,4.3420877,0.0,4.0194325,1.4526541,6.333149,3.0552764,4.2363462,7.4062905,4.9524016,1.5337416,0.0,1.517717,3.9072218,2.1263158,4.251031,2.334078,3.2570748,0.9547895,0.0,0.0,1.0555092,4.3589034,6.8166566,0.6835012,1.4625521,2.073873,6.0373464,3.005979,0.0,0.0,5.4090543,1.4647886,0.8991414,3.7329237,0.8690226,11.906521,3.3331645,2.9154348,2.9794972,0.37097105,13.8331585,3.0861626,5.3648815,3.2093406,2.6146646,3.9982574,0.0,3.103501,0.0,3.59438,0.0,8.18655,6.586968,2.818173,0.335176,2.6719873,2.2632704,0.25754672,0.0,0.0,1.012315,0.0,7.9966145,0.40658262,0.0,0.0,2.891189,6.4139547,5.5200925,1.3635023,1.5637618,3.2597005,5.894537,0.0,6.73119,7.7184205,1.4513352,2.7687573,6.700915,6.517779,0.0,9.068385,4.317648,3.6424205,5.1688833,0.73136014,0.0,0.0,1.6134769,2.8772917,0.0,2.697081,4.8254614,2.6466448,4.442791,0.0,0.95639944,4.429742,4.454865,4.480897,4.379704,0.0,0.10616791,7.8805904,2.5760875,0.0,3.2916553,0.0,0.0,3.1715882,4.4741945,0.0,0.0,4.0096345,5.668255,2.528824,5.7696886,8.887271,0.0,0.0,4.5827928,1.309051,4.3375177,5.9083495,0.0,3.5316489,2.7754397,3.9293416,4.271349,4.222784,0.0,6.0546794,4.5616384,3.8699746,0.0,6.5981426,0.0,2.2596805,5.056599,1.3248858,3.4695802,7.8081026,0.0,0.0,0.0,0.0,3.6018984,1.6741054,0.0,0.0,0.35969034,3.2560148,0.0,1.4874371,1.2536018,1.9923586,2.8053193,1.1151167,7.421256,6.839508,1.5098226,2.959558,0.0,3.4848018,0.0,3.2495139,2.4534843,0.0,6.0920224,0.0,2.6613684,4.7189503,7.248433,2.9276567,0.9310143,0.0,2.1420107,3.0981367,0.0,4.1091824,0.0,8.348439,0.8847324,0.719907,0.0,7.8303328,0.3483919,7.3799067,2.1934488,7.6822367,3.636756,3.48847,4.8104095,4.7766633,3.4014642,2.0779514,6.678569,3.923513,1.1938351,6.334187,6.4814796,7.845683,3.2599754,1.581482,0.0,2.2570152,1.2830324,4.484176,0.5121465,4.8403187,2.2754421,5.69655,4.5937705,0.9267387,0.0,1.926665,3.7964537,7.216282,4.608881,1.4847596,0.0,1.9794585,5.511039,1.3541774,9.923612,0.0,1.1036115,0.0,0.0,5.067732,0.11169453,5.9291706,0.7646424,4.4147286,1.8060778,4.914787,3.0381482,6.4218836,0.0,0.44085652,7.081623,7.1218715,4.740916,4.825067,7.86132,0.5954432,2.0468142,4.6711006,0.0,5.1553373,3.7752795,4.0683646,3.0532777,0.0,0.71378064,0.39594603,2.2772326,1.9809178,0.19963439,0.8195805,1.3673124,2.3331516,1.0687765,1.3407068,3.0293171,1.4235381,0.0,0.234152,1.3826559,5.4140663,3.6528018,3.42354,4.9517303,1.0016594,8.385365,1.5499598,6.844777,3.403696,0.21660808,2.3361754,6.1577067,3.872861,1.3400115,6.3780313,4.879465,2.2051554,3.377908,6.492192,0.0,3.0343342,3.6213133,7.169577,1.2429553,1.445799,11.142254,7.618372,2.257539,2.4842925,3.6105146,2.9438436,0.0,1.6966941,5.082155,2.4683027,7.1181226,6.4008207,4.0652475,1.3150092,8.585248,2.067167,3.0129876,0.0,6.290897,0.0,1.1677669,2.18179,10.55869,5.1447473,2.3048527,0.0,4.454542,0.0,4.3774996,8.158285,2.6914866,0.0,4.0819454,4.4459314,0.0,1.3799906,0.28805265,0.0,1.0869329,0.0,1.9815724,5.957834,2.607944,5.669064,0.0,3.2533734,0.0,0.43822923,0.20322137,3.403545,8.066123,8.219701,0.0,1.5347761,7.026811,2.9786325,3.0415785,5.445581,2.434799,4.550515,0.0,0.0,3.9695568,7.055008,10.067779,2.7732406,0.0,6.813559,9.324615,0.36243778,2.99141,5.385512,0.0,9.395989,3.3869789,0.0,7.7978334,3.826554,3.558179,0.0,0.0,7.0513678,0.43932885,1.8912795,4.416166,3.2804356,3.424465,3.854511,0.5481671,0.0,0.9237509,0.6069618,0.0,3.546878,8.300853,1.6198136,0.0,6.6200485,8.548069,0.0,0.3955533,0.0,5.247672,1.4800953,8.301298,3.183005,0.60030687,1.5872561,1.5363019,5.362999,0.47227338,1.9774278,4.7428694,2.9129636,0.60894436,3.2172694,1.7473184,0.0,5.091291,5.9299064,3.2022133,1.7051673,7.1636815,4.807598,4.7361746
A39c,0.0,2.891322,0.0,2.9017015,1.2403481,3.9078317,0.0,0.0,1.1708276,0.9852975,0.0,0.93134797,0.47633567,4.5938444,5.276888,6.9024563,0.935874,5.4806976,0.0,0.30261362,1.2254031,2.8974493,4.7182965,0.0,5.6787705,1.9530852,6.2197347,1.1861777,0.41595778,0.0,8.91914,5.637592,3.6256838,0.0,0.86807495,3.9296432,0.62285614,6.5349145,2.1014938,5.18762,0.08818677,3.178361,6.5519924,0.0,0.0,3.028103,1.1306047,0.0,0.0,1.1338882,5.475718,1.1907042,3.9162297,4.440955,2.8987422,0.0,1.2464907,1.5406134,4.9473453,5.2198486,4.686242,7.7068615,1.5229981,3.5655882,5.360658,1.629736,0.5787134,1.4685806,0.0,0.010641933,8.697267,1.4812437,4.493762,0.13218705,0.19136266,2.312986,4.1509275,0.7886661,1.7094103,3.9363265,0.0,5.396759,1.7333286,0.35904902,0.0,2.532869,1.5314361,2.589817,4.878965,6.489058,0.06172374,0.0,1.6508383,2.7464037,2.0742972,3.3614666,1.8137728,4.8570223,0.27528092,1.4884285,0.0,0.26540747,3.006197,6.2569547,1.23986,1.1190921,0.9890633,3.6247385,1.2106742,0.0,0.0,2.1271443,0.0,0.42397732,4.018025,1.8848464,5.081195,0.41972196,0.26759237,3.6964974,1.269101,8.029142,0.0,4.71171,3.2999697,0.51673025,0.0,2.2950509,3.92889,0.0,0.0,0.6595668,4.273865,1.8956835,4.3342047,1.9165184,2.0483978,0.10584998,0.0,0.4932835,0.0,1.5736749,0.0,8.3874,2.3026316,0.0,0.0,0.52508974,5.4042435,1.8191881,0.5362875,0.6369575,2.347763,1.9976181,0.0,5.798421,6.6740065,1.1444411,0.80351925,4.2289085,4.1495385,0.0,6.9842625,0.52223104,1.4915414,1.1007569,1.9654775,2.9742694,0.6499203,1.7494019,5.145834,0.0,5.273624,0.0,2.8589692,5.411114,0.104423374,1.3560723,3.2560444,3.8553286,5.4494066,4.089233,0.0,0.81336045,6.910262,0.40200427,0.0,1.8745755,0.0,0.0,0.0,2.9169986,0.0,3.9485645,1.4516233,7.360996,2.7042387,7.6400614,7.247996,1.1425159,2.140419,3.5948122,2.2059977,3.8359265,6.7544904,0.0,1.4890937,2.3201773,2.173189,4.594138,3.9507635,1.7602333,5.2529407,5.074909,1.8703969,0.98029053,5.7302427,0.0,0.62590754,3.588082,1.2540426,2.6669836,2.4914536,1.3008686,0.60659856,0.0,0.0,0.54881686,1.2075849,0.0,0.6670481,0.530457,3.2162247,0.0,0.90402126,3.3097355,1.0809633,0.0,0.0,7.617502,4.6474557,1.3806808,2.7298477,0.0,0.88933516,0.95006734,3.2015812,2.5949862,0.0,6.115483,1.1056023,1.3633059,1.3060608,6.632966,2.6826653,0.50437164,0.0,1.8401328,2.8189893,0.0,3.9197636,0.0,9.117127,0.0,0.922356,1.1746954,7.3779545,0.0,4.350444,0.0,4.7274475,3.5441494,0.05189662,3.8620894,2.6150713,1.6000372,2.0461016,3.4991615,5.5172915,1.2816511,3.1937964,4.0830903,2.9249547,0.9466559,3.2987802,0.0,4.1794457,0.0,1.6685526,0.0,3.6047094,2.926582,3.437757,4.4802756,1.7988868,0.0,1.7332152,4.08601,5.6626515,2.389247,0.0,0.0,3.429071,3.9060538,3.318545,8.79505,0.0,2.337873,1.028849,0.0,3.5504408,0.0,1.739654,1.2004944,2.6975288,0.0,1.0798655,0.029124167,1.7805874,0.0,0.38399276,4.1654677,4.217215,3.1603684,6.037153,5.5897202,0.0,1.497998,0.6389582,2.4517653,1.9429854,0.71817994,2.9935215,3.2755706,0.0,0.0,0.0,0.0,1.3288699,0.0,1.5940636,1.1184785,2.690267,0.0,3.499341,0.0,1.7292607,0.0,2.7923307,0.0,0.79234725,0.780578,2.5505605,4.2341914,3.8901184,5.535294,1.3492571,2.1244845,5.4940295,1.0005516,0.6079901,4.6198936,2.6371431,3.223437,5.5286417,3.1481116,2.100632,1.0219337,1.4566108,2.5793047,0.0,1.5895307,0.0,0.6288606,2.2551332,7.2724533,4.504741,2.5492551,1.4115111,0.2445438,6.079556,1.217059,0.9252752,2.661137,2.5236454,4.5545616,5.8752217,1.4921159,1.359096,6.070359,3.7000477,0.0,0.64347863,4.3339634,0.0,2.2555714,2.396072,9.906188,6.9510098,2.8821754,0.0,4.8722124,0.0,4.2439523,5.366374,3.3769534,0.0,3.2815623,3.2987797,2.5389743,0.0,0.21789274,0.0,1.392346,1.6858233,4.1126156,8.104543,3.3812923,3.0006301,0.75910264,1.6590779,0.16143845,0.0,0.0,2.5989728,8.651634,7.945966,0.0,2.7280061,3.7584789,0.27652696,3.1003416,5.791468,4.77668,7.5455413,1.622076,0.0,2.6559732,5.407088,5.882317,4.196358,0.0,4.7460866,7.4675455,0.0,1.3126593,0.11047075,0.0,6.4412146,0.4388121,0.0,4.2375946,1.5828834,2.62285,0.0,0.0,6.926011,1.1426058,0.0,6.238361,1.0789518,1.44458,3.5418775,0.62248886,0.0,0.87833714,0.51493645,0.4379747,2.9454243,3.8179781,0.0040427297,0.010666996,3.5480013,3.828993,0.0,0.0,0.0,6.961509,3.0626144,6.9587274,2.0270545,2.6445174,1.8284749,1.3037874,2.2941942,0.0,0.0,3.084913,2.625756,2.566292,2.3848162,2.215302,0.0,2.3216217,4.325906,3.1911967,4.204062,7.0759964,5.368353,1.9552048
A39rd,0.0,2.285518,0.0,1.7243559,0.9545369,3.0556974,0.0,0.0,0.67310315,0.0,0.0,0.0,0.8994694,7.454813,5.792519,5.202462,2.0084288,5.242698,0.7585362,2.2204943,0.08954747,1.017317,6.4411974,0.0,8.034996,2.2494128,4.116737,2.0922592,1.9963026,0.0,7.8584847,7.3186483,3.908442,0.80717146,1.0301393,5.598311,1.7017261,6.918304,1.0477257,6.308445,0.0,3.7403378,6.815235,0.0,0.0,5.1850076,1.977246,0.0,0.0,3.6297896,5.9370213,0.58263886,4.2737384,4.784914,2.8526475,0.0,2.0949912,1.4868742,2.7622893,4.484975,5.209713,7.358611,3.7777133,5.868138,4.121877,2.2056704,0.63386995,2.440329,0.0,0.0,9.584661,2.3153105,4.7290497,1.6418152,0.0,2.58495,4.9781313,1.7828275,1.2175276,0.81713265,0.0,3.5184684,1.7571381,2.4390094,0.0,2.6413321,1.1723385,2.3421497,5.1562285,6.2743783,0.19329187,0.0,1.7024196,1.8268554,0.8094591,4.649141,4.208503,4.5513744,0.33148894,1.0694354,0.0,1.0836784,3.2749434,6.113789,0.029248286,2.7446692,2.3674502,1.3103324,1.568138,0.0,0.0,2.6591697,0.0,0.0,3.246352,2.5381856,8.285326,1.7167338,3.758595,3.2175608,1.2061683,9.918798,0.0,4.873678,3.0884364,0.52438456,1.153861,1.1312977,3.3320472,0.0,1.8275074,0.0,5.0569677,3.3966377,4.329417,1.9417851,3.1321087,1.3626249,0.0,0.0,0.08221626,0.0,0.0,6.8085527,0.027579457,0.0,0.0,1.9738857,4.732079,3.307495,1.9203198,2.5635917,2.7441778,2.1886938,0.0,5.9020257,6.236083,0.9419582,2.817181,3.3935971,5.2556434,0.0,6.5381613,1.2696145,1.6726156,3.0418804,2.8069582,2.3847418,1.2910575,0.68065286,2.1478405,0.0,4.867218,0.46532112,3.1397939,5.6572795,0.0,2.0938444,2.516154,5.2050176,6.166772,4.17323,0.0,1.7102545,6.108427,1.1895401,0.0,3.8949723,0.0,0.0,1.3467582,3.2004874,0.0,0.9664769,2.0211287,7.040017,2.189481,7.678814,9.140004,1.6861693,0.67668194,4.09991,1.2666029,3.731053,5.910002,0.0,2.2535913,1.8941764,2.5176408,5.838272,2.8200257,1.7547852,5.546701,5.0346003,3.504089,0.0,5.125458,0.0,0.95125395,3.4798896,2.1370966,4.5737762,4.97482,2.503146,0.0,0.0,0.0,0.14015009,1.4378448,0.5939002,0.0,0.0,1.7300732,0.0,0.0,2.018385,2.482187,1.7260811,0.78073496,6.3727746,3.834207,1.3122638,4.7487116,0.0,1.4422854,2.393686,2.4913576,1.0677042,0.0,6.8096576,1.9986156,3.1385446,2.1989052,7.0082083,1.8102676,1.0848199,0.0,2.4180388,1.5908835,0.4064821,4.4431257,0.0,8.715953,0.0,1.4773513,2.1680036,7.389537,2.30445,4.6985636,0.14166912,3.8011668,4.3026752,2.1507506,3.2705014,3.8298266,1.4131573,1.1978831,4.831099,3.758882,0.0,2.3047354,4.599158,6.8026905,1.9552579,1.8241674,0.0,3.8980658,0.056903146,2.801204,0.0,4.435627,1.3596917,2.6520386,5.522139,1.685333,0.0,2.0126648,1.5121766,6.7080665,5.2692814,0.0,0.0,1.2147379,3.8404517,1.8400645,8.640892,0.0,2.4434817,2.3440878,0.0,4.679871,1.0295085,5.0167685,3.1236506,6.1433077,0.8152005,2.2821224,1.5685607,2.8957918,0.0,0.0,5.8378234,4.9870143,2.4520836,5.6045976,4.9419427,0.28360683,4.0557833,3.1101778,2.7398796,3.8388937,1.997216,3.2654235,3.723988,0.0,0.0,0.0,0.0,2.1943145,1.1963162,0.58413,0.20422821,2.842356,0.31741574,3.7822452,0.2643288,1.7000531,0.0,0.38223547,0.0,4.1658278,1.7988399,2.5148046,3.194248,1.4884555,5.3087373,0.94852585,2.9122481,5.4638085,0.6497052,2.058429,5.8883824,3.3850784,1.8983792,5.08401,4.1623597,2.4917707,1.2305714,3.9502943,1.6628225,0.5958323,3.9894974,3.036026,0.39694697,2.3812299,9.042934,4.496084,2.2050846,1.7684293,1.4008753,4.9124994,1.0094538,1.3272707,3.665133,3.370779,5.14271,5.076548,2.8154573,0.40470037,5.239431,4.184967,0.15770894,0.51540154,5.290056,0.0,4.0189366,2.8905406,10.848326,7.182224,2.8931897,0.5553387,5.8000536,0.0,5.0093865,7.332916,3.3012824,0.0,6.286929,2.6407406,2.3603287,0.20756182,0.5882479,0.0,2.2390623,1.1976558,2.728983,7.0322576,1.5866919,5.0695996,0.019538231,3.1607234,0.034485094,0.0,0.0,4.06973,8.525393,7.9505954,0.0,2.4626164,4.824694,0.0,3.8933742,4.852827,4.1284666,4.3225584,1.9128276,0.0,3.3823493,4.672389,6.462726,4.0877953,0.0,3.1547313,7.660643,1.8247923,2.8739052,2.8755872,0.0,6.081417,1.8832437,0.0,2.6872923,0.358722,1.8308126,1.7451001,0.0,8.596471,0.9814524,0.7952448,5.814222,1.2501547,2.3731828,5.2386217,1.0997846,0.0,0.64366484,0.6047146,0.0,4.198762,6.3248553,1.1586372,0.10670152,4.7634983,4.0854006,0.0,0.040266942,0.0,8.614105,3.1037655,7.286832,2.7576606,2.252689,0.88843274,0.80663586,3.791897,0.48683786,0.300224,4.374218,2.0657084,3.4653451,1.4383469,1.5648196,0.0,4.2143545,3.7948787,2.6225152,1.7163101,8.008546,2.3570764,3.8475602
A40rd,0.14909965,0.0,0.0,0.45102695,0.23576552,1.2453735,0.23057324,0.03632574,0.7188429,0.0,0.0,0.5203968,3.1974747,8.291945,5.108948,3.6958745,2.8997889,4.733005,0.6663977,1.4693155,0.92876554,0.0021840185,6.0660543,0.0,6.4844847,1.465046,3.1337721,1.8956982,2.117011,0.15077819,6.5000024,5.032507,4.5659413,0.5182662,0.68028015,4.8056135,1.9419631,3.6594632,0.5248205,4.555461,0.0,4.3548226,4.6246014,0.0,0.6042871,2.5517466,0.0015304955,0.0,0.0,3.8101666,4.165131,0.0,2.8927028,6.200116,1.7734782,0.0,1.3322933,2.7276824,0.11030292,2.5342944,6.5792456,4.5772696,3.2206135,6.002289,2.1103988,2.7660787,0.0,1.3443561,0.0,0.9485531,6.4802427,2.7517734,2.8447416,1.7816806,0.0,1.6781272,5.2475624,1.3736994,0.22542867,0.9105335,0.0,2.489341,1.1354901,1.4046161,0.1932545,2.069297,1.5345389,1.2117076,3.009511,6.131034,2.8755713,0.0,2.00811,1.4183656,0.0,1.5662456,2.6588533,2.2842202,1.5285579,0.0,0.0,0.9798568,3.5289645,4.189559,1.0652962,2.0540655,2.8170714,0.58561033,0.76044995,0.0,0.0,1.7262834,0.0,0.0,3.663334,0.0,7.4215083,1.3622329,3.8738291,1.9263551,0.6281972,9.359407,2.5212712,5.9285426,1.0344834,1.0847347,2.321015,0.0,2.4716823,0.5705224,3.5833893,0.0,4.4539156,3.061222,2.529802,3.4983037,2.1969576,2.8264678,0.0,1.0933832,0.90509015,0.0,0.0,3.3558924,0.2301923,0.0,0.0,0.028677743,3.8079329,1.2325532,0.0,1.6548496,3.7178795,3.643009,0.37231296,6.2608676,4.226088,0.0,4.394378,2.7051716,4.7628503,0.0,5.823537,2.5784395,4.2184606,3.8048894,1.9848323,1.9818568,1.1533456,1.3826144,0.8512827,0.35204864,2.7099288,2.6067264,3.1646116,5.81092,0.0,1.1421059,5.2671695,6.39603,3.821426,4.3293457,2.4627078,1.4928662,2.9694762,3.649925,0.0,4.3555207,0.0,0.0,2.3198097,2.5303495,0.0,0.0,2.475312,4.82067,1.5556042,3.9966567,6.483265,1.9245354,0.06910906,2.9724529,0.6300883,3.126397,4.103438,0.09108313,1.0838,0.47363502,2.836002,4.1661,2.450887,1.9272612,1.9950924,4.218726,4.6115675,0.0,4.5304956,0.0,0.0,5.249395,1.7693394,3.920694,4.778606,1.4743446,0.68985146,0.0,1.3966665,0.0,3.1817732,1.6444036,0.0,0.6438068,1.5139192,0.0,0.59256566,2.8951511,2.0283666,0.04794658,0.3988147,4.8063374,1.4232721,0.75220793,3.446094,0.0,2.6143067,2.6902213,1.3037423,0.52822334,0.0,5.5987678,0.0,1.1230687,2.0011463,4.230124,2.4511077,2.4573264,0.0,2.7106085,1.7853013,1.1083424,3.4379144,0.0,6.684296,0.0,2.327635,1.3948267,4.7259774,1.2475286,3.6433282,0.0,2.04164,2.5819082,2.8859766,1.4594182,4.4668803,4.043559,2.3313556,2.9433267,1.4064742,0.0,4.0580816,3.2678125,6.022332,2.1598556,0.0,0.0,3.2291052,2.1434336,3.289783,0.0,2.0695908,0.5781688,0.0,2.5137184,1.1539279,0.03106267,3.1967974,1.299953,6.83996,4.5158877,0.23017804,0.0,0.008850185,0.8288589,0.43977118,4.689847,1.6385795,0.5542069,0.9251198,1.2618204,3.8973439,0.97358376,3.6833792,3.3748908,4.592908,2.8050022,1.6039773,1.7501811,2.2567296,0.0,0.37429076,5.4248376,5.532004,0.993347,1.4674747,3.58084,1.0975964,4.140009,3.315081,1.4565406,2.8784451,3.6591527,3.7281857,2.9720135,0.0,0.9270705,0.0,0.0,1.7738401,2.1588316,1.3053333,0.0,3.503161,1.4910246,3.8933113,0.1696306,2.6092694,0.51119643,0.0,0.0,3.5213974,0.7881327,2.5274065,1.5892575,0.4331969,3.8690631,0.0,1.8143563,5.6106353,0.34890562,2.770063,4.861149,3.9462235,0.0,2.1241598,3.532286,3.4500034,0.12199648,4.3977094,1.7742671,0.8967405,2.93976,3.5521984,1.2390386,3.2066793,9.512528,4.6586304,0.7948542,4.3658886,3.3219101,2.0206437,0.40754375,0.0,5.185435,3.760127,1.4380889,3.230406,3.5423903,0.63116974,2.3200405,1.8048881,0.85714406,0.15215243,3.0447562,0.0,4.853993,4.2552567,6.8013544,3.9784777,0.59585834,0.7552997,4.3579354,0.0,0.7832241,5.9884906,2.734826,0.0,3.4741342,2.13795,0.0,1.220931,0.58047295,2.1885474,2.286439,0.93383896,0.0,5.076178,0.0,3.6798227,0.0,1.4506155,0.24459736,0.0,0.5465819,3.2596443,4.31132,6.9805737,0.0,0.24587798,2.8948734,0.83582205,3.0510418,2.719035,2.725154,2.2195165,1.688927,0.0,2.2027535,2.5288217,6.28379,3.340237,0.0,2.732317,3.9648666,0.33330804,5.392871,2.8263438,0.0,3.9408245,2.6057384,0.0,1.474718,0.0,0.0,0.3274086,0.0,6.046857,0.3917001,3.5102613,3.386955,0.034408204,0.79094654,3.1246638,1.484692,0.0,0.0,0.0,0.0,1.7494568,6.461451,0.96526545,0.0,4.1070223,1.5853821,0.0,0.0,0.6869547,6.128483,2.223876,6.135881,2.513583,1.4271147,0.0,0.0,4.945242,0.0,0.0,3.8082802,2.2535486,2.2885292,2.7621214,0.8405642,0.0,5.0407066,1.9197487,3.3820083,1.369784,6.5573416,0.0,3.9006498
A40c,0.0,0.0,2.2256496,0.0,0.20273787,1.9759303,1.7366811,0.0,0.940336,0.0,0.0,1.7039791,3.2425745,10.001981,3.7050793,3.5406675,2.3317893,4.91876,3.3661149,3.638892,0.9229148,0.14416878,5.0080786,0.0,7.8875933,2.8860495,1.9124801,2.9989426,3.6779923,1.8284026,5.4306207,4.9526534,3.7280831,0.40180725,2.3732405,4.3294578,1.6244978,4.9337773,0.0,5.388672,0.6797608,4.1325293,5.199628,0.5735279,1.0417628,4.327594,0.7205657,0.0,0.0,5.448928,4.9349713,0.0,1.3521628,4.8925915,1.9213079,0.0,2.624436,2.8086357,0.31329894,2.9600658,7.1019735,4.955682,4.5097256,6.3141923,1.780773,2.1102836,0.07943589,2.8017206,1.0422494,1.3154886,5.756595,3.4589386,3.4907007,2.1216745,1.4048533,3.3308234,6.2341437,3.9802425,0.0,0.48776615,0.0,1.4629124,2.359228,1.7191527,1.4348646,2.1195543,3.0239942,1.6513927,3.1419673,6.206991,2.411363,0.0,2.0347147,1.6724108,0.0,2.1675928,4.097022,2.606314,0.0,1.4001175,0.0,1.2070599,3.796041,6.0681124,1.102041,3.6993659,3.6071837,0.0,0.56034994,0.0,1.6224465,2.8295598,0.0,0.93185896,3.481972,2.4414835,7.004863,1.2365555,5.2845874,1.2825061,1.2427819,8.336161,1.7972229,6.2680526,0.8076118,0.61498845,2.365083,0.0,1.5574514,0.9442199,3.5800006,0.15954854,3.1135094,2.0746753,4.6374936,4.317798,2.056062,2.413551,0.0,0.4543752,3.2860622,0.0,0.0,3.6535356,0.0,0.0,0.41964942,0.81896573,2.4431348,2.2528687,2.1599178,1.530892,5.9634175,2.940779,0.26500386,5.116253,4.2386847,0.0,5.058164,2.0741043,2.85649,1.3722142,6.1311874,2.9420793,1.8729821,2.774276,2.7183976,3.2609267,2.3246725,0.83669037,2.1789043,0.0,3.490854,0.62434065,3.1881657,6.5246153,0.0,2.504983,4.104461,6.058835,4.0390673,3.4733016,0.9564198,3.6595912,3.9246004,3.4687293,0.0,3.0869963,0.0,0.38014832,1.5729815,2.8587964,0.17493135,0.5810009,1.9999499,5.2358737,2.241433,3.9637694,6.9789543,3.4769323,0.031015597,3.2123249,0.6043564,5.225595,3.7755876,0.0,1.8148133,0.0,1.9749709,6.1433325,2.6765707,1.9985772,1.9230245,4.166756,4.2284975,0.0,5.946443,0.0,0.0,4.2764764,1.7600849,4.824272,4.6237283,1.2382187,1.3756142,0.0,0.1276296,0.0,3.605486,3.8807716,1.6570204,0.8730921,1.6373934,0.0,0.88152415,3.2867734,1.1663566,1.7981086,0.0,3.329105,1.1516006,0.10606454,4.929095,0.0,2.4585001,3.7835493,2.4717417,1.1837326,0.18835546,5.919239,0.74266064,3.256614,1.2762287,3.5475175,1.6960152,3.1682174,0.0,2.8898792,2.1340182,3.6594179,2.8008366,0.0,6.3005958,0.0,1.9101433,3.5440109,4.5933065,1.9300969,4.163576,1.8689324,0.3151056,2.9586334,5.652433,2.0622556,5.6932793,3.3874738,1.5407976,3.1098218,2.5595598,0.0,3.753177,3.567817,5.3756437,2.6017842,0.0,0.0,4.294375,2.6218538,3.7201855,1.0090082,3.2995667,0.6203896,0.8254447,3.8417385,1.2785071,0.7124151,3.7994576,1.2129897,5.220282,4.582491,2.285985,0.0,0.16794145,0.60074073,0.25828212,7.0714054,0.6756994,2.3020265,1.7468932,2.1555398,3.334554,1.0879495,4.2789407,4.317733,6.918708,3.29482,2.4271193,3.146457,2.169658,0.0,1.8231747,6.428784,3.1311295,2.1738675,2.8064675,4.239191,1.4516797,4.6941376,5.8726625,1.403858,4.630168,1.4983629,3.9843984,3.7013557,0.0,0.1328994,0.0,0.98930836,1.9294584,3.1814249,0.8970626,0.2321421,2.8074162,2.4196608,5.703675,0.97327304,1.2511518,0.03893363,0.0,1.0403697,4.1992483,0.21012607,2.0576506,0.8767364,0.0,3.7262237,0.0,2.6043055,6.843774,1.1296645,2.164075,4.6091585,3.5393822,0.0,2.26587,3.1151536,5.7660666,1.8116984,3.3190513,0.37727797,1.8940982,5.6265855,3.7606652,2.8971124,3.58737,7.3767157,3.6820424,0.9002907,2.3035467,2.3700416,3.2501032,3.142347,0.34478787,3.1823654,4.713888,1.5617211,3.09914,3.0479627,0.0,2.773855,2.6115656,1.3109204,0.3948922,3.032931,2.4729145,4.081066,3.8050141,8.217521,3.6184773,3.1238222,0.0,4.3596373,0.0,0.90493643,7.3680415,2.992984,0.28398374,4.778511,1.1473016,1.0860593,3.6037667,1.0178185,2.2546966,2.8356533,2.076684,1.4841051,4.512991,1.6490841,4.1022663,1.1167828,3.2013962,1.0959623,0.0,0.0,2.3963253,6.2403216,7.4444737,0.0,0.7277655,1.6747737,1.3392489,3.5376606,1.9726056,3.2090724,3.4428973,3.1125584,0.0,2.4247165,2.4916348,5.149998,4.354442,0.0,1.7177844,4.5606766,1.8069022,4.568915,2.7148502,0.0,3.1295712,3.3820944,0.0,1.3493526,0.0,0.0,1.3696437,0.0,6.6307106,2.0872457,3.9502416,2.6725261,0.49159932,2.1633537,4.5302706,2.451602,0.0,0.5162155,0.22439092,0.0,3.8634872,4.519841,0.82065684,0.22309682,2.8134606,3.6609247,0.0,0.0,0.3503876,8.479896,2.3610454,6.171125,2.8773959,0.87751055,0.0,0.0,4.2061563,1.7466846,0.21389085,3.8930657,3.5237634,4.457346,1.6148423,1.4395232,0.0,5.895079,2.125831,5.2988443,1.2705088,5.658697,0.0,6.449656
A39rv,0.0,1.371939,0.045381602,2.0085456,0.5467305,3.6782227,0.022337854,0.0,1.1195817,0.0,0.0,1.3683084,2.5176523,7.235876,3.1061022,3.5889986,1.3865287,3.105934,1.4004934,1.859761,0.5229413,1.383541,2.8752632,0.0,4.931062,1.5336254,3.0993803,2.7618802,0.73284394,1.2332529,6.1573653,5.5056486,3.3761945,0.0,2.382172,2.4724102,1.0870998,5.134435,0.0,2.9198883,0.22514507,3.1738126,4.98554,0.0,1.0945814,3.5055678,0.30988947,0.0,0.0,2.61851,3.8222423,0.0,1.608305,4.529414,0.884724,0.0,1.3501157,3.0280828,2.6183484,4.601132,5.0376043,5.78843,2.9350486,3.2492695,3.963527,2.040203,0.0,1.4763556,0.0,1.566771,6.0652122,2.4209297,3.3685772,0.0,1.1929423,2.3964303,5.3158674,1.8691826,1.1624315,2.859277,0.0,2.5323992,2.94088,0.97320884,0.0,1.3660328,2.3533192,2.5979667,2.559017,4.979566,0.9404774,0.0,2.8651874,1.20345,0.4381818,1.2818172,2.9619455,3.072723,0.0,1.251701,0.0,0.0,3.317937,5.950381,0.59179866,1.353679,1.5010475,1.1808281,0.18629417,0.0,0.7083371,1.7538469,0.0,0.0,3.035347,3.1579556,5.07477,0.0,2.6082034,2.0985768,0.35857752,7.6576514,0.0,4.9953237,0.9952254,0.10418584,0.23978467,1.4015762,3.0063326,0.0,1.8878564,0.74464065,2.8780444,1.1631653,4.2284756,3.1945531,1.1054368,1.1058252,0.10143931,0.0,0.034858894,1.150676,0.0,6.2679615,0.0,0.0,0.0,0.0,3.819906,1.1818734,0.6921561,0.0,4.3892665,2.6191797,0.7377679,4.9424367,5.6949925,0.0,3.3352501,2.1336608,2.3277895,0.16044062,6.785492,1.7475942,0.594672,1.8668408,2.0973988,4.1781683,1.3546897,1.3886648,3.751478,0.0,5.033364,0.0,3.3563151,5.4318275,0.0,1.7387557,2.9780164,4.5987415,3.9112883,1.9605266,0.0,2.1771383,5.1890025,2.616417,0.0,2.7520416,0.0,0.618133,0.2455313,3.7623303,0.0,2.5826247,1.5610418,6.506337,2.2157917,3.7673106,5.740659,3.3078783,1.2977008,2.6472857,0.972296,4.000349,5.784344,0.0,1.8634443,0.097362995,1.9038488,4.743422,3.4892678,1.869156,2.330228,2.7645986,2.4627817,0.4898514,6.3301806,0.0,0.0,4.168946,1.2114843,3.2211094,1.6030173,1.8829588,0.7886302,0.0,0.34461364,0.0,2.8287702,0.0,1.4687431,0.9504498,1.6153284,0.0,2.2969074,3.5738437,0.0,1.2222117,0.0,3.4957826,1.4644432,0.0915647,2.8238246,0.0,2.152759,3.366879,2.6432908,2.8871958,0.0,4.091455,0.4706489,1.1391432,0.8774356,3.768853,1.6968889,2.3908365,0.0,1.8040346,1.3289065,2.0824316,3.09454,0.0,6.845984,0.5648767,1.8264344,2.5299578,6.0664716,0.8491933,3.4655328,0.0,2.002081,2.5156684,3.2253306,2.6141484,4.2709618,1.1256341,2.2756054,2.0997741,3.998218,0.39103776,3.2017856,1.969061,2.0279963,2.4195104,0.5621544,0.0,3.9176383,0.46655047,2.6999333,0.0,1.7929279,1.5580207,0.95008564,3.254863,2.2243721,0.0,3.7146106,1.8854674,4.5724974,3.0647135,1.4440049,0.0,1.0704377,1.86317,1.9767494,6.9069877,0.0,0.7902982,0.91673154,0.8012274,2.916035,0.1931227,1.0817194,3.5962653,5.0041766,2.3833935,0.6399163,0.0,1.5595992,0.0,2.457857,4.5927854,2.1896553,1.4128462,4.431877,3.7271416,2.2885642,2.9981804,3.1048532,2.6836627,3.3149939,1.4655482,2.8532484,3.0856888,0.0,0.0,0.0,1.1677706,0.67888415,0.82744116,1.7968336,0.57750726,3.090125,1.373813,4.7109895,1.1542803,0.14840956,0.0,1.6334726,0.0,2.6807272,0.0,1.5187345,1.8843176,1.7143378,4.7785983,0.0,1.2002063,5.624875,0.8842053,1.373782,3.8704,2.092129,0.54317605,2.6494412,3.0768588,4.468573,1.761211,0.79534614,0.63173103,1.2905383,2.4431727,0.97758555,2.832408,2.0722609,5.4165735,3.395633,2.6044087,2.5736063,1.2498477,5.3926477,1.8746381,0.0,2.0462275,2.7106512,1.749228,5.142139,1.4772277,0.06896258,4.712876,2.952893,0.0,0.0,2.5430226,2.449722,2.379096,2.8464293,8.115845,3.461611,3.0872576,0.0,3.938729,0.3992882,1.533357,4.2025027,3.2303975,0.0,3.9186044,1.7957577,1.9243242,2.0013568,1.0521815,0.0,1.4832807,0.8596759,2.4256804,5.5754924,1.7913427,1.7549782,0.081445225,1.6723788,0.9778941,0.0,0.0,1.6657183,6.3527346,7.124072,0.0,0.2655537,0.7884683,0.1542787,2.774317,2.8347201,3.14508,4.406616,3.1768587,0.0,1.6158633,4.701192,4.580372,3.8724518,0.0,2.5306242,6.362113,0.3423301,3.0273688,0.8524567,0.0,5.077383,0.18510704,0.0,2.4962666,0.55895865,0.0,0.0,0.0,6.6660156,2.4975154,0.3491628,2.959363,0.95537305,2.5005689,3.2493129,1.7148546,0.0,0.7881874,0.0,0.72034764,2.5816207,2.7767162,0.0,0.38579533,3.30339,2.8783329,0.0,0.0,0.3822638,6.0448446,1.7384657,5.4428124,3.005859,1.8875471,0.2594885,0.24279462,2.193332,0.039753173,0.0,2.206846,2.618984,3.8558857,1.5231673,1.8741368,0.0,3.0508823,2.1837513,4.4271193,3.2006102,4.0259056,1.9280895,4.4772964
A40rv,1.169648,0.5977921,0.6156812,1.9854969,0.0,2.8954248,0.0,1.0306187,0.5702021,0.7686109,0.46054995,1.4325652,1.7782619,3.4839423,4.1771917,4.175249,1.6697358,4.422409,0.0,0.0,0.43598706,1.1208969,4.485011,0.0,5.5669594,1.8242171,2.3452432,0.79699475,2.390748,0.681396,3.8089888,2.1925876,2.090685,2.3921368,0.23512821,4.185814,1.1604981,3.0514627,1.618426,2.479306,0.5662309,2.1042843,3.8955498,0.06555362,0.7710217,1.9336776,1.7376397,0.0,0.0,1.5758499,1.6577164,0.0,4.563459,2.4654527,2.0458717,0.16404916,0.0,1.8646404,1.9074153,1.4496872,3.1850927,3.3451674,1.0091225,3.550048,3.0392797,0.46313033,1.1484536,1.4684567,0.43722075,1.5031503,3.8687406,1.5079907,2.3544116,1.703411,1.6452632,1.4781063,2.1354847,2.3619437,1.3757927,0.680873,0.0,1.6713012,1.8945413,1.9363351,0.0,2.683918,2.751937,0.8184551,3.3049405,3.4131138,1.4095126,0.0,1.2059826,1.2529244,0.0,2.25929,1.5691103,1.4335182,1.7598764,0.0,0.0,2.5569687,1.7552189,2.1087632,1.0449878,0.7789926,0.91756195,2.3888354,1.9984599,0.6896769,0.8258822,2.6331744,1.370385,0.7595762,2.9113564,0.0,4.371786,2.273957,2.7368035,1.037282,0.0,5.3197575,2.0570176,2.3513548,1.8186862,0.87425476,3.119546,1.0883807,2.4711938,0.0,2.4466825,0.0,2.548693,1.2242228,2.5345488,1.6606618,1.7972686,2.7569902,0.6960333,0.21453357,0.3538467,1.113441,0.0,2.6872635,0.45206878,0.0,0.560626,0.0,2.228444,2.0044131,0.6967132,1.8168143,1.1748691,1.742483,0.0,3.2331977,1.1387557,0.0,2.5009809,2.8380113,5.4379935,0.5196566,2.0385323,0.893121,0.9847442,3.0824108,1.0933454,2.0717509,0.932311,1.8513302,1.6331234,0.04734292,1.9048053,2.495022,0.31917512,2.879658,0.0,2.6490712,2.4540372,2.0097263,2.9881172,2.3106186,0.0,0.61540425,3.2928343,0.3331149,0.0,1.854862,1.9282238,0.26303267,1.7446697,1.9067482,0.0,1.4951477,1.4719795,3.421304,0.02766435,3.8149693,3.8078804,1.7528368,1.19445,1.6014225,1.6789732,1.7529135,2.4379096,1.0008713,0.5310076,1.8661168,2.1010163,3.2926927,3.3743384,0.54291284,0.98059464,1.5433044,3.4343765,0.21061778,1.5678955,0.0,0.1860965,1.987951,1.5686122,1.0817657,2.1196501,0.6139035,1.0615246,0.3943433,0.23250966,0.52684957,1.4532628,0.5770113,0.0,0.66202945,1.267733,0.119911715,0.9971079,1.7467006,1.3977114,0.0,0.47249553,4.318164,2.47955,0.36514074,1.4592239,0.0,2.523012,0.18168262,1.2280048,0.98461574,0.050841313,3.6945813,0.0,2.5955734,1.4279183,2.5604796,2.571125,1.524038,0.0,1.5718228,1.9908293,1.0014083,1.0688254,0.0,3.9172363,0.5769272,1.6392403,0.45310763,3.4566882,0.8263481,2.2568374,1.8522884,1.9649136,3.2646594,1.5920012,0.55509925,3.0573752,2.374643,2.6788955,4.2734485,2.053018,1.4531128,3.8627527,1.5510783,4.7745047,2.376083,0.5909123,0.0,2.0607245,0.92095304,2.3678434,0.80561566,1.0811453,1.2819536,1.556968,3.2885125,1.2527575,1.9763416,0.896974,1.1759269,2.4507046,1.9159855,0.0,0.0,2.3284185,3.0963023,0.0,4.4288335,1.4939933,1.4782779,1.6977254,0.0,1.7318759,1.2153064,4.672586,2.0539107,3.9273262,0.0,2.4462752,1.9355146,4.009379,0.0,0.0,2.9906669,3.6078,2.5991058,0.9236843,4.4586387,0.0,0.30992362,1.7921759,1.1774675,1.7542789,2.634483,2.8505363,0.58456504,0.0,0.76466936,0.24995138,0.0,1.0661893,0.76996666,0.9105511,1.1004555,1.0193022,0.35393897,1.4837309,1.3413068,1.9769361,0.0,1.3735462,1.3184955,2.4887686,1.7476766,0.59682745,1.9745173,0.9730633,3.8486636,0.0,3.0200114,2.3808076,1.6780205,2.7273788,3.0343769,1.3187925,0.8692703,1.59236,1.4937787,1.279409,0.72986513,4.276956,1.6805658,2.2037206,2.540571,2.7048488,0.83341527,2.3182943,5.7303286,2.1368134,2.8867714,3.168052,2.5575702,2.8185058,0.6270605,0.4127148,2.9823167,1.0529164,3.8417466,2.0475428,3.3984811,3.2894895,1.8193127,1.6497978,0.0,2.2078502,2.8330014,0.0,1.7305621,1.5718021,4.157239,2.4656298,0.41416088,0.84485495,1.6053987,0.0,2.4055321,3.2035847,1.4452438,0.0,3.197568,1.5511478,1.5262221,1.808935,1.9602871,0.0,2.3974633,0.9524467,1.2813728,2.3546813,0.0,2.069909,0.48985535,0.52972806,1.1877104,1.5961299,0.5411799,2.6827695,3.2546177,3.4781637,0.10798823,1.23487,4.456838,0.5965832,0.65466833,1.3596506,2.4904745,0.75303775,0.43011183,0.0,1.025537,2.0794272,3.241118,2.5262833,0.0,3.3739228,4.387695,1.0789487,1.9736323,2.7468958,0.0,5.0398054,2.2084515,0.0,2.959951,2.4446075,0.38796693,1.6030396,0.0,4.0912085,0.0,1.2652674,0.61203426,2.3719726,2.8037894,0.5536775,1.5683577,0.0,1.9993622,0.41897726,0.4713236,1.648456,3.7255776,0.95693725,0.0,3.1808374,2.8233626,0.0,1.2678035,0.0,3.77035,2.7065563,4.169355,2.3632429,1.309787,0.6558657,0.8604786,3.7782972,1.4879311,1.4106691,4.8736887,2.2856553,1.5947603,1.2737756,0.7191507,0.0,0.8342321,2.7601535,2.0728428,0.76826507,3.3849778,1.1175693,3.1383579
A7m,0.2813333,3.2954848,0.43494698,3.524006,3.0847573,3.1074386,0.0,0.14700247,0.9504817,0.98139745,0.47151452,0.0,0.0,5.3299713,5.347255,4.7700825,0.8572287,4.5837975,0.0,2.352842,0.45319867,2.8704956,5.3302827,0.7535606,7.408882,1.5866041,4.0115356,1.3231127,1.0862886,0.0,6.8672075,6.7138114,0.7529069,1.953823,0.0,4.998572,0.7584808,5.4140434,2.5277934,3.9758346,0.0,1.8023804,5.107051,0.0,2.5762908,4.9861107,3.035852,0.0,0.0,2.5312817,5.9071584,1.5552018,6.1412416,3.6171327,1.0607349,0.0,2.8584938,1.2424455,3.0490038,4.5062294,4.3880677,6.8734465,3.4435234,5.896789,2.5616634,2.3339376,1.0234543,1.8065025,0.0,0.0,6.958343,0.54570967,4.3674607,0.9372148,0.34829715,0.9176246,2.795245,1.7708,1.1182566,1.8914176,0.0,2.1957211,0.0,3.4240406,0.0,2.391547,1.3947158,2.1407833,6.0113626,3.3085017,0.57893884,0.0,2.7302423,2.0838144,2.5232685,4.960222,1.6448547,3.0107703,2.357348,1.2542111,0.0,0.45593002,2.8621678,6.3448186,0.0,2.782826,1.4510677,3.5431223,1.096223,0.0,0.0,4.2263,0.18318208,0.0,1.719568,2.203179,6.751233,2.5688753,3.4130447,1.7285181,3.1778915,8.635773,0.39392546,4.2600327,5.222754,0.8256673,1.8850366,2.5558276,2.8511245,0.0,1.4217771,0.7531407,7.4112964,3.1688032,1.4219619,1.0310836,2.854486,0.3881579,0.106609896,0.0,0.0,0.0,0.0,7.639506,1.3104229,0.0,0.0,3.56678,4.834913,5.459288,1.8774565,2.4088433,0.3301765,3.0952995,0.0,4.285045,5.711232,2.2160933,1.0286785,4.5357594,4.143392,0.0,5.3493023,0.056229766,2.5454953,3.5485737,1.8034465,0.7187329,0.027064856,0.0,3.2732253,0.0,2.6175725,3.0235114,2.6556134,1.9440798,0.0,1.4547218,2.3549483,2.6540709,4.0820646,2.99164,0.0,0.0,6.4702306,0.96527255,0.0,0.95066994,0.0,0.0,1.3550614,3.9748082,0.0,0.49866438,3.0385804,4.578164,2.4140208,5.782153,5.607108,0.0,0.27832556,4.059357,0.2078928,2.2572465,5.146464,0.0,3.910811,3.3060532,3.7245946,2.3577836,1.3610216,0.0,4.249884,2.2226825,1.0955015,0.2601748,2.621036,0.0,2.929463,3.36544,2.0456336,3.2338684,4.4683967,2.2236996,0.0,0.0,0.0,0.72523814,2.4836946,0.0,0.0,0.0,2.269051,0.0,0.29614368,0.0,2.0222423,1.7822064,0.99497193,5.6214924,4.273996,0.7306166,3.0234733,0.0,2.3837616,0.0,3.3966835,2.2333024,0.41353592,5.7860894,1.431872,4.410568,2.3954136,6.286601,0.8662573,0.10757914,0.52786463,1.3100188,2.2549038,0.0,3.5450063,0.0,6.179604,0.0,2.3184948,0.86289936,7.0351744,0.8662948,4.518818,1.2441543,5.71785,3.4568744,1.5609839,4.258283,1.143427,2.9088693,3.0225525,6.704366,3.102452,0.0,3.0353127,3.9897468,7.3972554,1.480319,1.1609174,0.0,1.5938321,2.7659,1.9392095,2.0056465,4.797031,1.5128864,4.659143,6.2796164,2.0611,0.0,0.2803226,1.7493572,4.546045,2.7517207,0.0,0.0,3.4166734,4.999798,1.5294259,7.1155734,0.0,0.057695825,1.5594146,0.0,3.7176745,0.0,4.4980836,2.4147744,3.532218,0.15703782,2.3979588,2.1916058,5.6095676,0.0,0.0,4.5241275,4.580339,2.4043262,6.428159,3.2312899,0.0,2.232312,2.6390748,1.306697,2.7824593,2.3755884,2.5464678,1.41713,0.0,0.08535149,0.8783565,0.41513866,3.5981565,0.0,0.0,0.0,1.7527474,0.54858416,2.0377634,0.50017166,0.0,0.0,0.61744124,0.0,4.1243143,1.8441375,3.1308143,3.1262653,1.0482208,6.4631066,2.7157516,2.7220204,2.9574556,0.094322175,3.7158146,4.2027993,2.51572,2.1442845,5.7282114,6.057784,0.25684255,2.1262918,4.5298095,2.2968976,0.031035079,2.7644236,4.109281,0.0,1.2315913,7.2143745,6.277704,2.924698,0.76833457,1.577073,4.013843,0.0,2.2780252,2.8477638,2.3254232,6.635984,6.040741,3.0710459,3.9860766,7.79525,4.346725,2.2758696,0.0,5.6984944,0.0,3.4703963,1.8842483,8.681111,4.6710896,0.5370164,1.450418,4.9839945,0.0,6.4617815,4.992661,2.666198,0.0,6.0792007,1.8186182,2.0685909,0.0,0.0,0.0,0.7270231,1.444395,4.146591,6.171381,1.2387977,4.0269456,0.0,1.1901841,0.025309792,1.1408662,1.299927,2.5051723,6.1563435,5.792247,0.268643,2.9726484,3.8693247,1.2666984,2.7512493,6.5574284,3.240388,3.9203389,0.0,0.0,2.4230413,6.1259565,7.0015984,3.7798817,0.0,4.6165967,7.231876,1.2498918,1.7887912,3.487182,0.0,6.6343813,1.2295722,0.0,4.25443,3.918621,3.558674,0.630065,0.0,5.768139,1.2497716,0.0,5.383101,3.7268727,3.4784236,4.4284067,0.26714924,0.0,0.32765153,1.1160129,0.0,1.8990539,4.181321,1.6201816,0.0,4.580274,6.4773207,0.0,1.9064572,0.0,4.9407983,2.1104264,6.388452,3.6565096,1.4905071,2.9158092,1.4604499,2.8924818,1.7486625,0.0,3.8300266,2.3766363,0.8223146,1.3199174,1.0162841,0.35085854,3.5198228,6.474613,1.3990073,0.8186369,5.967644,4.97363,1.1646587
A5m,0.67742765,0.40326697,0.7052889,3.2763712,0.43316028,4.2533097,0.0,1.2197046,1.7641073,0.5776419,0.0,0.64042866,2.5254242,7.788302,3.335065,4.8217015,0.4237499,4.143935,0.0,1.3963406,0.3654635,3.0085347,8.015694,0.0,8.365953,0.19525126,4.396831,0.0,2.3711228,0.0,4.64743,4.762008,2.1255126,1.2868608,0.0,7.0362306,0.94338906,2.8726068,2.6663804,4.1017847,1.4361095,5.1835194,4.8049207,0.0,3.521695,2.4573312,1.2298068,0.0,0.0,1.8675625,2.2858121,0.0,6.0438046,4.2076755,3.2154236,0.0,2.2859714,2.3413372,1.1753272,3.9055405,6.821411,5.374715,2.7844772,6.6930137,3.7249372,1.9085951,0.88946724,2.9134912,0.773487,0.0,4.6183043,3.2862525,3.6827984,0.0,0.788818,0.8667144,4.586505,2.2403195,0.0,1.2536932,0.0,0.9898454,0.0,3.4329622,1.6737144,5.4437046,3.008463,2.5407057,5.7021475,2.1222217,1.6544757,0.0,0.47513264,4.0443287,2.7297769,4.151204,0.41246065,1.4187493,1.3612659,0.0,0.0,1.5659008,4.6144032,5.6983457,0.0,0.9808694,1.2043979,4.2274165,0.9547786,0.4637528,0.0,4.499127,2.3244562,1.0953153,3.6085672,2.520135,8.314119,3.4800122,1.4867421,2.8567724,0.84095746,9.554761,2.3683565,4.024195,2.3502603,2.5640683,3.6756158,0.0,3.5111687,0.27398348,3.5959435,0.0,5.6734867,3.5570602,1.1355747,0.0,1.7954639,0.49852282,0.42014647,0.0,0.0,0.9917467,0.0,4.4120703,0.0,0.0,0.0,2.570083,5.2398515,3.372126,0.0,2.8559256,0.2758194,4.7588053,0.4058245,3.1806078,3.7915356,1.8082186,1.3830335,3.4659069,4.6805997,0.0,5.8863883,3.8486683,3.1773396,3.8099697,1.5807683,0.0,0.0,0.0,2.9134526,0.08623787,2.0760767,5.7457676,0.953963,1.662232,0.0,0.0,2.7466273,3.1397305,2.125836,1.0714854,0.07932327,0.31983134,6.223168,1.8008026,0.0,1.3676904,1.0346978,0.0,1.8776878,4.250996,0.0,0.0,3.832169,2.830155,1.1638479,3.4459043,4.6615777,0.0,1.3782396,3.0727732,0.0,3.3529913,2.7609763,0.0,2.397392,3.005364,1.7812974,2.6498265,2.2728755,0.0,3.8868325,1.8897648,4.043251,0.0,4.2506332,0.0,1.9331635,3.323796,0.8254062,1.5601944,5.6508045,0.0,0.0,0.0,0.0,0.8780137,2.4919894,0.47043318,0.0,1.8092957,2.6514373,0.0,0.75101644,1.1188067,1.6367594,1.369426,0.3570706,3.9685922,3.569876,1.6770928,3.114439,1.4821048,1.8437337,0.0,2.5581806,1.4480711,0.1814021,3.2513525,0.0,5.55078,3.5269015,2.993453,1.463215,0.16628003,0.0,0.85142577,2.2121546,0.0,1.729672,1.6974548,5.2048383,0.27246568,0.96303046,0.0,4.608321,0.0,4.745704,4.4845424,5.3112087,3.306494,3.5520406,3.2955816,2.0916011,5.064846,2.458191,5.3099165,1.3632041,2.0666628,5.6028233,3.1680357,5.9145155,2.0967472,0.4954759,0.0,0.5683179,2.2835484,3.0845108,2.5718749,4.10937,0.9134588,4.4269805,4.0049367,1.1372786,1.3007909,0.0,1.2688667,3.7592185,3.889418,1.6868263,0.0,1.5777962,3.618294,0.0,8.281738,0.0,0.31597692,0.0,1.8746269,1.9110863,0.0,5.0920563,1.1245893,1.746814,1.4700418,4.7320333,2.1542099,5.674033,0.0,0.72695374,3.6970272,3.6719933,1.9523869,3.5119348,5.9892755,0.9697214,0.9765837,4.904924,0.0,3.663871,2.564952,2.8105085,1.5588082,0.0,0.5719947,2.176064,3.7856727,1.7936339,0.0,0.0,0.06442802,0.96298814,1.7978097,1.4189335,3.5234869,1.6688954,0.0,0.0,0.67164844,3.3482506,2.267828,2.082289,4.179383,0.23305827,7.6630034,0.0,5.7739735,2.8791287,0.0,2.7820058,5.186447,2.472262,0.83470523,3.141507,5.550187,1.3899089,2.8794992,5.541468,1.6730037,2.2502627,2.6312907,5.279843,1.4579762,1.8397337,6.886652,4.7551603,0.6614353,0.9961694,1.4465481,3.227503,0.16454734,2.0332413,4.6515646,2.3237202,6.0127587,4.628608,3.1072726,3.4028232,5.9101424,1.7544183,1.6954134,0.0,3.883542,0.00046457723,1.0578158,0.67818904,6.639307,2.157738,2.3899634,0.0,3.6073108,0.0,3.7492373,5.1781135,1.5038631,0.0,3.8478315,1.3964839,0.0,2.4048686,0.0,0.0,1.7031077,0.0,0.8030132,2.2703364,0.72169715,4.174641,0.0,2.0461054,2.718494,0.76344573,0.0,1.9275564,3.735332,3.3933334,1.0976464,0.8120834,4.9398284,0.17086795,1.741191,1.8703284,0.91063356,2.022701,0.0,0.0,2.6530418,3.8597746,5.597638,3.0460432,0.0,6.0355773,7.2537227,0.0,2.8010955,5.7615457,0.0,6.2114077,2.8558052,0.8457238,5.2602634,3.2813158,2.9377851,0.32505322,0.0,4.0031652,1.4868633,1.864751,2.2353637,2.1434112,2.5409143,2.421309,0.38521838,0.0,1.6086313,1.405347,0.0,5.4651613,5.774348,0.09638731,0.0,4.860823,7.291937,0.0,1.9192591,0.0,3.1046214,1.5029042,5.7726283,0.7840287,0.0,0.198924,0.2610779,4.041789,1.543151,1.9461467,5.246229,1.768968,0.19598092,2.8808105,1.1621054,0.86723584,3.2954745,2.820808,1.245463,2.0378585,4.109091,4.308224,4.395402
dmPOS,1.2483795,4.539043,2.5652936,8.517029,4.3946705,7.687363,0.0,0.0,1.3860849,4.5020657,0.0,2.1879447,0.39292702,4.570346,4.450195,7.3062067,0.7667902,2.9271352,0.0,0.94605243,0.086237386,4.474162,3.5171106,2.0871372,5.441832,1.9070406,5.053833,2.1323051,0.76139694,0.13210227,8.2956085,7.0171275,1.8002878,1.0115168,1.9073517,4.088036,1.5678673,6.578623,2.9578853,3.458223,0.0,2.4708135,6.0777044,0.2705034,3.2513416,5.8637543,4.065295,0.0,0.0,0.69252115,5.623094,1.2939435,8.583703,3.6042132,3.0583456,0.5256243,1.4212637,2.758928,8.109996,7.444956,3.6591382,8.665944,2.1381607,3.6212356,6.6768823,1.2656584,3.9966576,2.570846,0.0,1.0761356,6.143113,1.4731004,4.7723346,1.0635488,3.9572868,3.0768535,3.4048307,1.0157353,2.308315,5.064434,0.0,4.1435285,1.605043,3.8729992,0.0,3.1309583,3.3408246,3.1446044,6.30951,2.9947882,0.44799694,0.0,5.309375,3.909409,4.5434513,4.791647,2.8947222,2.8935478,0.98154956,3.808471,0.0,0.4859158,1.8179086,7.6721706,0.6386632,1.6454529,1.0307531,7.3029284,2.483673,0.0,1.4700571,4.157604,1.3118534,0.59900135,1.8312026,5.263917,6.556384,1.6496589,3.3217232,2.3744786,1.9293841,9.117683,0.0,3.6331997,6.394868,1.985057,1.8611839,4.2490373,5.742288,0.0,0.7426892,4.1396112,7.060961,3.8460617,2.82479,0.6900381,1.6227992,2.3189466,4.076067,0.0,0.0,2.64494,0.0,10.1231,0.65813434,0.0,0.0,3.2669036,4.943047,3.8495352,1.0649818,0.903916,1.3072569,2.6796596,0.0,3.0069094,7.138978,3.7213092,0.0,4.186888,4.678549,0.45435005,7.070108,1.764519,0.05164274,2.8274584,2.0190773,1.7375377,0.48787507,2.4507737,5.952899,0.0,4.3412037,4.037894,1.737487,1.5359468,0.11515662,3.553932,1.0855578,0.0,5.436456,0.0,0.0,1.4160053,10.104897,0.59908926,0.0,0.0,0.0,0.7169978,0.6788008,4.2678866,0.0,2.9587464,1.421958,7.2911263,2.912522,5.528313,5.9615397,2.045062,4.165749,3.7205136,1.4610292,1.9114442,7.2203074,0.0,5.5447474,4.1139894,2.2205386,2.692852,5.5303035,0.09851291,4.297664,2.314023,2.0119221,2.3184936,4.5502176,0.0,3.0510466,2.4825943,1.3604598,1.6376302,2.866163,1.8108765,0.4206619,2.371986,0.0,2.8567214,1.8450973,0.0,0.15817119,2.3147953,3.4731145,0.6204422,2.9790988,0.85984534,0.7757629,3.2002218,0.0,6.573774,6.6033807,0.20664708,2.7965095,2.4859424,3.8347657,0.0,4.567874,4.674924,2.2563438,3.3028862,1.4786302,5.31967,2.492128,5.310775,1.2286073,0.98338425,1.1025949,1.5300514,2.9500616,0.13034064,3.480991,0.95211387,8.151832,1.2418545,1.4048802,0.9904417,8.618547,0.2047296,4.8987145,1.2392143,7.050955,4.6577754,1.9141304,5.3408895,1.5813856,1.4142839,3.130352,7.4659314,5.977839,2.4613345,3.0684109,2.527104,4.7724247,2.5860262,4.3303933,2.7079043,1.7149436,2.311648,1.6489236,2.8067741,4.0396094,3.8734064,7.248822,7.780714,4.172886,1.7875388,1.5059268,2.3028548,3.52879,2.6104627,0.47566807,0.0,5.721619,7.3642435,3.8447113,9.746413,0.0,0.9845533,1.7737125,0.0,4.0346856,0.3115248,4.060596,2.7351184,3.6606154,0.0,3.1694179,0.5382915,6.6120515,0.0,1.7164829,2.608043,1.6548659,2.5323648,9.290046,5.911659,0.15471143,1.2798842,1.9297075,1.148264,2.852918,2.3597362,1.7773776,0.88588774,0.0,0.052739404,4.2023616,3.6705282,3.028004,0.0,1.698795,1.8800367,2.0794032,0.0,1.9457692,2.133438,0.0,0.0,5.416504,0.79135877,2.2555468,2.4539816,3.6612544,3.5824928,2.5265503,7.5575337,3.3733525,4.786476,3.0689151,0.9207159,1.4527901,3.995714,0.57287997,6.713297,5.7014236,4.6725793,2.1281528,5.2759495,3.015369,1.4140075,2.2685044,3.3818338,3.5781848,1.4098345,0.0,3.674988,4.1970596,6.6071873,0.7740679,1.7292622,8.917163,1.5822289,1.9959987,1.0143399,0.35926384,8.037257,7.3882375,1.5553538,6.334731,10.735218,5.2373695,0.78929734,2.0810506,5.9994025,2.623422,1.537806,0.8394252,8.752834,5.099796,2.3950565,1.139057,6.0505333,0.17162281,7.0476074,4.019162,2.9504886,1.0412219,6.586131,2.9056957,2.5750933,1.318693,0.0,0.0,2.2112603,1.659695,7.4356523,4.472876,3.827918,2.9911113,4.6506786,1.3471769,1.8041131,1.7520827,0.7650685,2.615237,8.357406,4.8963504,1.563607,2.6790113,5.0377917,1.4174571,2.2558515,5.2781367,4.973257,4.8983994,0.40554827,0.0,1.6131346,9.639101,6.8483715,4.2379293,0.0,6.102443,12.292672,2.4866054,0.19661139,2.839644,0.0,9.279855,0.43633536,0.43479708,6.480672,7.9388213,4.328034,3.04111,0.0,5.996139,1.9755671,0.0,3.4146843,6.0526133,5.853909,2.8160574,0.5596199,0.4322973,3.4130018,1.877194,0.6805961,3.6760235,1.652866,0.85129696,1.2947465,4.831362,8.638581,0.0,3.164257,0.0,4.599963,3.0226328,6.013677,3.6235318,2.57978,5.4330764,2.522856,1.8554598,2.4839077,1.6638718,4.4527826,2.0493135,1.8780402,1.3449719,3.4205468,1.5628239,0.67085594,7.36812,2.2341404,3.0155637,3.2105522,7.4451113,1.5232412
A31,0.0,1.8945618,0.87563527,3.7920804,2.399382,3.2820725,0.58070505,0.3821204,2.1163816,0.10388576,0.0,2.1471112,2.0009627,9.998804,2.4634483,4.9307194,1.9434259,3.104955,0.16195883,2.9719746,0.6823562,1.9171759,4.960714,0.0,7.3027744,1.1855352,2.8914626,1.2259098,2.6891909,0.0,6.3793163,5.0839796,3.562797,0.0,1.5405527,4.7277975,0.58691514,2.8175194,0.15413716,5.106544,0.1501705,4.0783534,4.2304387,0.013342995,3.4608319,3.8887777,0.7606443,0.0,0.0,2.9040713,4.092944,0.0,3.9263296,3.4479315,1.8321042,0.0,4.06345,3.465073,1.7301568,4.491158,7.704799,4.133749,4.9463067,6.389661,3.711083,2.4141126,2.7300253,3.9762082,0.07617596,0.0,5.787294,2.3648005,4.5370126,0.0,0.863895,1.9760066,6.300868,3.5831163,0.0,2.4889317,0.0,0.57822657,0.24977903,2.6615171,0.86610055,2.8581088,2.4349074,1.91836,5.7079344,3.3349087,0.33345124,0.0,3.2444818,4.684289,2.8584406,3.37378,2.7136588,1.6226934,0.9745902,1.2475207,0.0,0.52824605,4.4387283,9.004421,0.0,2.378343,3.074376,2.3293667,0.0,0.0,0.39942595,4.1033163,0.98946285,0.0,3.421433,4.328368,7.810692,1.1408341,3.6273856,1.0367146,2.3104997,9.429576,0.81241494,7.016671,1.1996392,1.4849991,2.2419446,0.85978246,4.1442323,0.0,2.6938305,0.92451584,5.194751,3.1428072,0.64593834,2.4046752,2.46847,0.0,1.5451621,0.0,0.86841893,0.925904,0.0,5.146574,0.0,0.0,0.0,4.23391,4.853473,1.542501,0.0,0.9265298,2.1421916,4.72684,0.0,2.967203,4.3529215,1.4383647,2.2625506,2.3996294,2.6137352,0.0,8.491476,4.077778,2.21375,3.3157973,3.3513467,1.6398602,0.0,0.70007044,3.447496,0.0,1.8284905,4.0950108,4.0312014,3.1890905,0.0,0.6747848,1.8779973,3.9371886,3.5227153,0.6107336,0.86089677,1.5168663,6.890621,2.343673,0.0,1.4598515,0.0,1.4407386,1.4420196,3.8149114,0.0,0.0,3.0910282,2.6967583,2.8757315,1.996851,5.2635493,0.5981384,1.7658784,4.5205126,0.0,3.7776663,4.649928,0.0,3.8529885,1.3673323,2.2712448,3.3815534,2.6840248,0.7038171,3.0331953,2.184279,3.7119703,0.4202503,5.3209925,0.0,1.1476618,4.8629804,1.993572,2.4542499,4.4216447,0.4427678,0.0,0.0,0.53920674,0.92313796,4.03381,1.5403457,1.4345946,2.2887206,3.0371528,0.0,1.1083075,1.0602964,0.0,2.746263,0.0,2.022291,3.1533518,0.21349917,4.054576,0.6819287,2.3459044,1.2750356,2.8416908,2.962385,1.4398648,4.172897,0.24312556,6.1736383,2.7984204,3.0852048,1.8553642,1.8033308,0.0,2.5446362,1.7512065,0.80535823,3.1527727,0.0,6.8902583,0.0,1.8585978,2.148933,6.1351376,0.0,4.3673515,1.3909167,4.024978,2.0063274,4.493649,4.2542295,2.999348,4.4994764,2.5322769,4.9124446,1.4087273,0.9661505,3.355084,2.6936278,5.693436,2.3739176,1.947741,0.019038683,0.83967686,4.280477,2.6118095,2.4029887,4.9728136,1.9336616,2.6126046,4.337789,1.8271396,0.0,1.6238308,0.31482345,5.434295,4.705674,1.7181076,0.0,0.87315506,2.4860702,0.0,7.4020686,0.0,0.013665816,1.0859301,3.6847198,2.588065,0.0,3.8143103,2.8888855,4.6346736,2.8383095,3.9964795,1.231144,3.2342625,0.0,2.2391179,4.508963,1.2363601,0.08217541,4.8445497,3.2858417,2.683304,2.183539,6.3679614,0.0,4.233073,1.0903866,2.837529,2.7229743,0.0,0.0,0.54830265,4.3148856,2.7701015,0.99411625,0.0,0.4443934,2.4767118,2.3531399,3.3352568,2.0491772,0.36662963,0.0,0.0,0.0,2.4112604,0.8570753,2.626892,2.7403119,0.9518359,6.7086854,0.0,3.491922,5.956101,0.17509449,2.0431302,6.7935743,2.3252983,0.23025444,3.501644,6.7424517,4.2529364,2.1750867,3.7380586,0.79676944,1.1611071,4.400876,4.926022,2.758326,0.18927242,4.492838,5.1129527,1.5556121,1.5134748,1.5931231,4.923032,0.17014714,0.5217393,2.3753808,3.382522,3.1914365,7.009395,1.829947,2.9704392,7.459275,3.174135,1.4414579,0.0,3.6007226,2.3514738,2.0069227,1.4875827,9.163178,1.4158176,1.8684484,0.7777766,6.6967173,0.0,3.7608726,6.23078,2.2199154,0.95943296,4.309897,0.1416372,0.31028813,2.3677418,0.0,0.6428042,1.353173,1.1300563,2.7934582,3.529565,0.66559523,4.531091,0.0,1.2490991,3.1106975,0.0,0.0,2.6247118,4.34678,3.5802417,1.931959,0.53964233,1.4004868,0.47693592,2.9817817,2.1833117,1.7952266,3.9398875,1.2615044,0.0,2.38065,4.7743683,5.9472146,4.696847,0.0,2.4903312,6.8892193,0.004345592,4.178233,4.0392184,0.0,4.637478,1.5751524,0.0,2.8162482,3.0294166,1.6925181,0.4387113,1.1625144,6.635414,3.4324028,1.7810965,2.3656023,2.1791582,3.1588068,2.6850371,2.1615276,0.0,0.2049897,0.77281,0.0,5.9658656,4.8932033,0.0,0.032516688,3.67519,6.8293886,0.0,1.7022437,0.0,5.010689,1.7146198,5.8213863,2.1675925,0.8053254,0.276704,0.0,3.6997938,2.6298022,0.54757404,3.6275623,1.4909792,2.2737916,2.4772348,2.6976595,0.20147727,3.7433014,3.4785774,0.9377388,1.8225485,2.9855802,4.013561,5.2588067
A23d,0.75835824,1.525008,2.2138994,2.7232912,3.3575418,2.3901968,0.89823747,1.6809386,2.0117729,1.0427915,0.0,0.8935946,2.690946,9.358557,2.5946996,5.099994,1.7439071,2.505817,0.0,4.7122955,0.2185144,4.151942,4.6053305,0.0,6.720324,2.5082643,3.7888978,0.19305326,2.1953459,1.2861427,3.4696121,3.7213373,0.8722292,0.0,2.536642,3.9924536,0.0,0.9843933,1.4950254,5.2769074,0.65251446,3.9017515,2.1276717,0.0,5.096111,2.6731095,1.827579,0.0,0.0,2.5032477,3.0204117,0.0,2.8229342,3.1658049,1.6938086,0.0,1.7483491,1.3324686,1.0922639,4.779441,7.097768,3.8575606,4.3663454,6.118733,1.9949226,1.324232,3.4504972,3.0067341,0.41475883,0.0,2.2832873,2.391278,2.8857718,0.0,2.2930856,1.7739822,5.652176,3.9597213,0.0,1.2419463,0.0,0.0,0.0,1.7368864,2.0331318,2.4858918,3.7858405,1.6614993,5.5374484,2.8206222,3.1443894,0.0,4.1228614,4.5607004,4.430475,2.7801938,2.0293663,0.7051449,2.3533816,1.8971897,0.0,1.4710085,5.2599683,7.733692,0.0,3.0584743,4.2940116,3.4534636,0.0,0.047819722,0.89191705,4.69445,2.5383244,1.0302551,2.4110782,4.3690166,6.551213,1.9902439,1.0249819,0.0,1.9539117,9.16232,2.119623,5.3090544,1.1989045,1.6026238,0.9236638,0.0,0.9446064,1.663772,3.4788394,0.0,5.1934876,3.0703645,0.124770746,2.418391,2.6809285,0.0,1.2043326,1.0823277,1.5885891,0.124501914,1.2241131,2.5068183,0.0,0.0,0.06733827,3.7292004,3.1150584,1.4449525,0.2415399,1.6713779,2.327657,4.4640393,0.28585726,3.526383,3.3472908,2.3034856,2.4279475,2.4216192,0.48409578,0.8312812,7.365842,4.1100907,3.0272777,2.987572,2.0360463,0.5638531,0.31791335,0.41857874,4.6476617,0.085839175,0.43767655,5.535892,3.2130058,1.537698,0.0,0.0,3.1673284,2.9420152,1.8522495,0.87351125,1.2817473,0.0,5.8277774,3.0154674,0.0,0.0,0.0,0.75387,3.3168473,3.7779913,0.19083878,0.0,3.3852487,2.8043225,3.0166962,1.8684036,3.3122344,0.0,2.0257654,2.8082862,0.0,4.3020883,3.3263927,0.0,3.2196634,2.6664152,2.217713,1.7582065,1.5084394,1.0331599,2.3043544,1.6840982,2.1280885,0.5994876,2.594379,0.0,1.751634,4.597627,0.0,0.504505,4.6015835,1.3518201,0.0,0.0,0.049141478,2.047877,3.3850389,1.5437902,0.0,2.2672913,2.8213596,0.25281364,1.5146214,0.23939237,0.0,1.6132029,0.0,1.7017123,3.058041,0.75243914,4.7357235,3.9398506,2.5275545,0.0,2.941149,3.5099304,2.6826754,2.2556891,0.8916346,6.5616527,2.3741345,2.376775,0.6525779,1.354912,0.0,0.99674547,3.2365859,0.0,1.1864735,2.9649148,4.0596166,0.85794854,1.5250099,1.7819973,5.343724,0.0,5.747938,2.347316,4.5830784,0.92783546,5.3128953,3.8719754,2.2848194,6.005716,3.0437284,4.6330543,0.67012215,1.4814543,4.253872,2.419855,5.0052824,0.15996306,1.3989805,0.3965176,0.35002828,5.2945414,1.6171398,3.8799481,5.4204993,2.6181676,4.460971,4.8284545,2.7265358,0.8083868,1.6382213,0.9267295,3.2007902,3.1941366,4.131074,0.0,1.6407007,2.3690073,0.0,6.49585,0.0,0.0,0.0,2.672216,3.838569,0.0,2.7013245,1.5847741,0.85699534,2.7821407,4.2685275,3.1485136,5.014886,0.0,4.121464,2.5924604,0.028780399,0.6540249,3.707381,3.8285835,2.2310154,0.85408974,7.476393,0.0,3.6329443,1.398592,0.95847696,1.4146383,0.0,0.3477954,0.99930084,5.0661416,0.884912,0.0,0.0,1.4814159,1.8841863,2.0028558,3.5272236,3.4102824,0.0,0.0,0.0,0.03158754,1.9182912,1.2872251,3.4996307,0.5017985,0.22643606,6.3971686,0.0,4.3951845,2.9597883,0.0,0.96019995,4.8785677,1.4986701,0.4032379,3.94676,4.908089,4.2487507,3.047693,4.269971,1.4500358,0.6407188,3.1281645,3.4555128,3.8495984,0.0,3.4127157,6.2426953,0.0,1.4944516,0.47458243,3.8544822,1.4099709,2.0651789,1.2365631,3.2009826,2.8250391,4.6238575,2.9343138,3.2591956,7.5280123,3.397957,2.7227738,0.0,2.7677395,3.505309,1.2337908,0.9396595,5.689637,0.0,2.5335479,0.0,4.555974,0.0,2.6110013,5.225639,1.6552391,1.3802624,1.4937928,0.0,0.40651464,4.090587,0.0,2.1860092,1.3586088,1.1392761,2.9517157,1.6604173,2.0674062,4.9063816,1.3136512,0.28023043,4.545368,1.7258333,0.0,0.84117305,2.7763913,1.9053493,3.279948,0.9428956,0.0,2.6217105,0.0,1.6311251,0.0,2.447662,0.0,0.0,2.7015533,5.087332,4.649419,4.705421,0.0,3.2156456,5.369565,0.0,2.648239,4.171783,0.0,3.382417,1.3071437,0.0,3.376516,4.593004,3.2860239,0.011031639,1.6342627,3.0489721,2.5824785,2.2779021,0.7782351,1.809478,1.8731244,2.6525152,1.2001028,0.0,0.85305697,3.1828113,0.0,5.8646708,3.2163758,0.0,0.0,2.381832,9.43024,0.0,1.7805307,0.0,2.3450022,1.6528986,4.841854,0.39679784,0.19002211,0.6477314,0.0,1.6249391,3.4799242,2.3357742,2.2391899,2.4548283,0.78369397,1.9651891,0.4271921,2.7250733,4.6056533,3.123008,1.9025522,1.8106306,1.159833,3.0236168,4.812711
A23c,3.6531394,0.30175292,2.3960552,1.7262312,2.64614,1.2237831,0.3813675,4.8376045,2.6380231,1.0578396,0.5242186,3.4648008,3.5529706,7.4695187,0.0,2.0404127,0.503714,0.86999375,0.0,3.3958464,0.99568576,3.6188633,6.7748876,3.5896735,6.4602814,1.5942364,1.9808441,0.0,2.3367252,2.8427296,0.08137503,1.3199018,0.095029786,1.3388555,2.383647,4.7428517,0.6975874,0.0,4.578531,2.8680031,3.0077367,3.4779835,0.0,0.5720106,7.618719,0.0,0.5368189,0.0,0.0,2.4407008,0.0,0.0,4.732267,2.4367206,1.0001577,0.7142637,0.38356575,1.0751891,0.0,1.1808043,6.9093113,0.0,3.3789225,5.205066,0.2936585,1.4694355,2.6175358,3.487706,0.8434082,0.0,0.0,4.332172,2.330618,0.0,1.6962093,0.0,2.2602203,3.786226,0.0,0.0,0.0,0.0,0.0,3.9444156,5.0970364,5.494779,4.550705,0.0,4.179148,0.26327544,3.571516,0.0,1.3031648,5.8549495,3.248278,0.2735754,0.0,0.0,4.652069,0.0,0.0,2.6208375,5.2001405,4.242706,0.0,1.9480973,3.6875043,4.8875356,0.13318187,3.1761506,1.4046613,4.7182293,5.297664,3.424054,1.0681857,1.7057217,5.4368615,4.1092544,1.7187333,1.3134503,2.2271051,7.116177,5.6904397,3.2021985,0.0,5.051471,5.1363397,0.0,0.7410882,4.636548,6.907237,0.0,5.147157,3.1234279,0.0,0.665174,1.5514178,0.3053749,2.3204422,1.3117394,3.9472072,2.2684212,2.1292248,0.0,0.5827342,0.0,2.4764287,3.1142993,2.3002238,1.7201278,0.0,3.806927,0.61964154,4.457284,1.8487291,1.1563227,1.5373931,1.3351526,3.1831446,2.4278262,0.9365869,1.3941686,1.5072072,5.385721,3.7332435,2.360713,1.0856385,0.0,0.0,0.0,3.6123261,3.5137131,0.0,8.89148,1.5801958,0.0,0.0,0.0,2.5014186,0.41521773,0.0,1.5694103,3.5317516,1.0437878,2.7506123,3.5296268,2.5423145,0.24873127,3.864528,1.3954474,4.556233,2.2671378,1.5192773,0.0,3.7602339,0.0,0.0,0.0,1.6075181,0.0,1.6369447,2.3584297,0.0,2.1544302,0.0,0.30533567,1.7564217,2.8959532,2.7829297,0.0,0.0,0.1993359,0.38949856,0.0,2.6189802,0.5329288,0.0,0.0,3.051851,2.456073,0.48371226,0.0,5.840279,0.5310262,0.22192298,0.0,0.30072662,2.6385653,3.5284882,2.7760708,0.08096977,1.9666263,1.2568965,1.499491,2.9183857,0.19378597,0.0,1.4231668,0.7491494,0.0,1.6591579,2.4621918,3.296042,5.446042,1.2221559,0.0,0.017675985,2.1796892,1.8279244,0.53074235,0.0,6.9439874,1.8718231,0.0,2.5108037,0.43208724,0.44307226,1.929899,1.9879897,0.035777092,0.0,6.2957077,1.7016944,3.1291153,2.4698274,0.0,0.0,0.0,4.2827,6.1512027,3.315033,0.0,4.525697,1.3738614,1.8096098,7.6960516,3.6753483,4.3380337,0.0,4.0031834,7.2714386,3.009926,6.18175,0.27202716,0.0,1.2013316,0.0,7.4979362,1.9919267,4.2206397,5.118572,1.8569549,4.1142845,2.4043944,1.7691324,4.312995,0.16697052,0.0,0.75559765,3.3615484,5.025738,1.8227956,1.8319763,0.86824787,0.0,2.3548245,1.1824263,0.0,0.0,5.403338,0.62382597,0.0,4.4793878,0.82757986,0.0,3.4163911,5.257375,5.3846946,6.8011456,1.1671467,4.9490323,1.2417682,1.649455,0.45444128,0.5260635,2.6538563,1.380409,1.0200319,8.066639,0.0,3.0490015,2.9017198,1.1148612,1.9572746,0.0,3.8720226,4.0692687,5.1716366,0.50560087,1.0833089,0.0,1.9976642,1.6797403,3.4536219,0.79581064,6.161243,1.6084793,0.0,0.03755695,2.2008212,3.1672688,2.5108888,2.963731,0.0,0.0,4.628617,0.02561101,6.4000564,3.0854292,0.27312163,2.4378972,2.7183902,1.779867,0.0,1.3527,3.302849,0.95788676,2.570509,5.780117,3.576441,1.8194118,0.4670646,6.8297048,2.7516553,0.19426738,3.4224513,4.321161,0.0,2.0948286,0.97694284,0.11690734,0.67687887,3.1003637,2.3101888,2.6248875,3.532171,1.9855669,5.0591836,4.532381,3.5141065,1.0608542,4.837424,0.043022413,2.1851919,1.377078,0.88347125,0.0,0.0,0.0,0.17738393,1.5485181,1.3710754,0.0,1.7013984,4.4204288,0.0,1.3503789,0.62984115,0.0,0.0,6.5919847,0.0,2.874417,2.0875907,1.5799528,0.0,0.0,1.2121309,4.276221,0.30847812,0.0,4.7899213,3.579733,0.22960542,0.0,0.0,0.0,4.8368635,0.0,0.43639424,4.9365997,0.0,0.0,0.0,0.0,0.0,0.0,3.2965426,2.3030183,4.396608,2.1372888,0.0,3.5019715,2.8438573,0.0,4.6232076,5.544437,0.0,0.78840613,4.688818,3.8560538,4.1924725,4.2566204,2.9449544,0.0,3.0149653,0.0,1.9111683,5.4781394,0.0,1.0577805,1.4385146,0.93334764,2.2369797,0.86308914,1.2532899,3.9492393,0.0,4.117609,3.8050935,0.0,0.0,1.7144798,9.243659,0.0,1.2314723,0.8322211,0.0,1.719898,2.7654626,0.0,0.0,0.0,0.74563456,3.1206367,5.8229547,5.0763373,2.8719094,1.1747404,0.2559831,1.98502,0.0,3.878357,3.5945907,1.9069779,0.38369998,0.9027633,0.0,2.2330701,5.5249553
A23v,2.9886162,3.9320164,7.4574747,4.466797,5.332648,4.0650296,0.0,4.8953624,4.706128,8.269559,1.3222303,3.7147274,5.4064255,2.3894339,2.0413616,5.2793393,1.8611366,2.9659135,0.0,1.6159143,1.976703,6.8220425,5.1823864,5.873072,0.45609817,1.1289965,3.4488533,0.0,3.160214,6.5891395,2.667686,2.525526,0.0,0.8063863,4.2265615,0.34813908,3.7131274,0.55360216,8.810856,4.0388575,4.481315,1.3678118,0.0,1.9984874,4.101825,0.83469296,4.8160524,0.0,1.3412365,0.0,5.03427,3.1371903,3.2973723,2.5379558,4.6921897,5.6410985,0.60782504,0.0,8.078423,8.068307,5.58403,5.531072,7.120232,2.120851,3.1132715,0.9688411,1.6801431,0.6417184,3.1211197,3.9351454,0.17192793,2.2295635,0.55783945,0.0,1.8898795,1.471761,1.8638666,0.4647173,7.4893746,6.9575725,0.0,5.142271,2.124409,2.0471423,4.91255,5.83361,3.7056553,0.0,1.5492826,1.0760918,4.958153,0.0,4.2907867,6.186081,7.4844885,3.883338,0.0,0.84206206,4.276658,4.8081594,0.6493223,0.9822617,2.078496,5.4167933,7.379261,1.6205281,3.1780438,11.883869,2.7808414,2.9484432,0.58400804,2.368454,7.849756,7.195302,2.4941308,4.157008,3.809444,7.5550075,0.050550587,6.228498,4.56194,6.3696823,3.001822,2.5356402,2.3330953,7.229022,0.59289217,2.69871,2.4163024,4.440269,1.5707804,4.6625533,4.187317,2.794921,0.0,2.7931216,3.5659127,2.169542,1.4611033,1.0050179,1.1225586,5.7389493,0.8985646,5.8324146,6.460827,0.0,0.9933972,0.68946373,5.2940187,1.7681087,0.0,0.9112576,4.9351254,5.9691114,2.006413,0.97514135,3.9907806,5.86505,0.0,2.065865,0.33749565,2.8249278,1.6201086,3.3233025,2.0211492,0.14835876,0.9057667,0.858718,2.9174461,1.1091108,7.4566383,4.3292937,3.055889,5.923551,3.3108582,0.0,4.362216,0.2759403,3.8234417,0.9431364,0.0,0.5822256,0.0,0.0,3.9398105,0.0,3.2953293,0.0,1.8485334,0.0,4.712243,0.0,1.0907518,5.540034,1.8505609,7.5455246,0.7513936,2.5521924,0.0,0.36506194,5.4627852,3.8725567,3.3219156,3.3247445,5.3055897,0.0,4.7946224,6.8033195,1.1358941,0.0,2.2403405,3.9533012,0.25483036,0.9740414,0.0,1.6116829,0.0,4.1585693,7.635382,2.0902326,1.9551682,1.5287635,3.240133,3.3045573,4.2798877,3.7453523,0.0,7.4314194,0.0,0.0,3.0679762,4.3211393,6.041254,5.7917376,5.2227864,1.8127398,1.8932606,0.0,0.0,4.4652987,3.9788778,7.5751595,1.6825339,8.815791,1.7771994,0.0,1.6442361,7.235443,4.3767014,0.7366334,2.0263693,3.1118526,0.8436179,1.4312472,4.489805,1.8705819,4.844283,0.0,5.366975,0.0,4.6995273,12.110483,1.8568177,8.136498,2.5493028,0.0,0.0,0.0,3.535038,7.8437905,3.6966372,3.5709226,1.624495,6.030492,0.0,7.912541,2.4988775,4.090277,7.5201135,7.476396,4.89038,6.134993,0.76392525,2.3086154,6.3271503,5.082539,0.10223192,4.741355,0.2629724,6.5358777,5.943474,2.0756288,7.1634912,1.8680028,3.9842196,5.293009,4.766643,5.032641,3.5076437,0.6097956,7.8823495,1.7997458,5.4464297,1.9830248,1.9468204,3.4727764,1.3808508,2.0673938,0.41541868,1.1437972,0.40315184,0.0,0.0,0.0,0.0,2.1968272,6.811686,2.878423,5.360995,2.6087382,6.1586432,0.0,3.7647965,6.4518127,5.1416516,11.096374,2.1260448,0.08093368,5.0064006,0.0,0.8240972,0.7322933,1.339462,3.9782166,0.0,1.7150568,6.6567607,8.017755,0.6682512,0.0,3.1521711,4.5078096,2.910303,3.6215005,2.1512616,7.4460406,5.31491,0.0,6.2421,0.8044372,1.5579686,0.037740022,4.745078,0.0,4.3645806,5.4640594,7.5585537,7.7888646,0.0,2.409737,0.0,3.9207404,2.6327121,8.885162,4.3897076,0.8951119,1.6253657,0.0,0.6705468,7.0697937,2.27955,0.0,4.5201583,4.040879,5.3239684,3.4248092,3.3156958,0.15720919,0.7940077,0.0,6.872807,1.779152,6.729119,0.0,2.6059775,3.137519,0.19699991,3.942736,3.6447742,6.0939775,1.951073,6.939756,1.3076626,0.9857719,7.1283,2.8312547,0.0,0.5581434,0.57774115,1.3259033,3.912476,2.8258648,0.6911808,1.9660422,2.6573555,2.4233804,0.624188,1.9820489,2.7261188,3.4501033,5.4916196,1.7621387,1.3621099,5.7976747,1.73603,0.0,2.5137744,8.668239,4.223658,4.921647,4.254088,6.761289,1.1549714,0.12197022,1.8637971,3.7931736,1.5831853,3.8124847,2.5435653,2.1578994,7.839554,0.0,4.95915,2.6515355,2.4937348,0.5711865,0.0,2.4443102,5.754406,3.6940396,0.0,0.0,10.678119,3.2286808,0.0,1.5442703,4.127433,0.0,4.5813,1.1120974,5.0568347,5.593828,10.098942,10.0396185,0.82044905,6.1803737,0.0,0.0,2.840376,0.0,5.4683423,0.5820231,3.6905274,0.0,3.912684,1.5152371,2.5811796,0.0,4.166777,0.0,1.5968319,1.0106969,2.005102,7.1691055,0.29150385,0.0,3.174772,1.0766927,2.7363663,2.0443594,0.0,0.0,2.1709678,5.9296446,0.0,1.4754078,4.7169156,1.14006